1.197609099999970006e+01
1.265137700000009957e+01
1.272290300000019947e+01
1.246978599999999915e+01
1.049925599999970061e+01
1.104996900000010029e+01
1.218422900000030040e+01
1.145183100000000032e+01
1.196830500000029929e+01
9.394431000000480481e+00
1.124138499999989982e+01
1.104396300000009923e+01
1.238711700000030014e+01
1.110394899999979934e+01
1.143961999999999968e+01
1.037641099999980021e+01
1.083640600000009968e+01
1.065475399999989925e+01
1.139815900000009918e+01
9.887195999999759621e+00
9.760024999999840745e+00
9.895829999999609328e+00
1.040798599999970087e+01
1.053911099999990064e+01
1.068923400000000079e+01
1.088017100000019965e+01
1.049610699999979957e+01
1.125369600000029990e+01
9.796302999999900507e+00
1.021648000000000067e+01
1.140782200000020019e+01
1.027135900000030055e+01
1.003278000000000070e+01
1.341438899999979917e+01
1.318319499999990008e+01
1.182137500000020047e+01
1.164318499999959933e+01
1.180020599999980035e+01
1.151702799999969962e+01
1.181989599999999996e+01
1.274199699999999957e+01
1.278694900000009937e+01
1.206651000000040064e+01
1.145145199999980079e+01
1.249531700000000001e+01
1.280704999999970006e+01
1.119701200000019981e+01
1.314962000000010001e+01
1.029411799999999921e+01
9.925620000000190402e+00
9.551203999999650307e+00
1.270717500000010070e+01
1.111071800000030052e+01
1.052715899999999927e+01
1.074324900000030070e+01
1.217820399999999914e+01
1.056934899999980004e+01
1.074595299999979936e+01
1.075583200000009931e+01
1.084748300000000043e+01
1.193332300000009916e+01
1.171232600000010038e+01
1.107695400000000063e+01
1.114501600000000003e+01
1.019461799999990070e+01
1.128754799999989977e+01
1.206845799999990021e+01
9.443742000000199255e+00
1.202945599999999970e+01
1.095479700000010048e+01
1.112553699999990009e+01
1.121527000000009977e+01
9.905512000000010531e+00
1.041145700000000041e+01
9.627468000000140691e+00
9.088776999999659267e+00
1.086396500000000032e+01
1.047545200000010013e+01
1.042025199999990015e+01
1.170434899999949963e+01
1.056491999999980003e+01
1.172788500000000056e+01
1.090845600000010052e+01
1.150640899999990019e+01
1.045182299999989972e+01
9.630597000000129526e+00
1.020765600000000006e+01
1.079439999999999955e+01
9.064208999999930683e+00
9.366002000000149152e+00
1.043744799999980089e+01
9.982764000000090121e+00
1.019616399999990008e+01
1.115926400000019925e+01
1.179228700000049912e+01
1.053763999999990020e+01
1.046920300000039994e+01
1.142434299999979963e+01
9.560946999999760720e+00
1.038497699999970081e+01
1.060647899999979948e+01
1.028356999999989974e+01
1.145999300000029919e+01
1.090534700000000079e+01
1.043758500000000033e+01
1.168449399999980010e+01
1.087899199999990074e+01
1.026540000000020036e+01
1.247626799999989977e+01
9.772790000000419752e+00
1.059940600000030031e+01
1.066851800000010009e+01
1.095268000000040054e+01
1.052640299999960050e+01
1.082765999999990036e+01
1.201746299999980039e+01
1.084047799999950001e+01
1.035966900000049939e+01
1.163835799999990073e+01
1.061525099999989941e+01
1.085442800000000041e+01
1.117418300000050024e+01
1.142587299999940065e+01
1.067690399999939999e+01
9.852135999999230620e+00
1.007621200000039963e+01
1.020483000000020013e+01
8.843033999999860839e+00
1.001567600000010039e+01
1.028224300000069924e+01
1.150254499999990010e+01
1.066481400000009927e+01
1.133627200000029944e+01
1.263784799999979924e+01
1.087248500000020002e+01
1.083694400000019975e+01
9.780239999999549738e+00
1.223715999999969917e+01
1.108773799999960019e+01
1.229488100000079953e+01
1.194297900000050028e+01
1.131045799999960089e+01
1.112452199999940028e+01
1.142967300000029951e+01
9.363555000000189921e+00
1.049562000000040030e+01
1.188263600000020048e+01
1.111594300000009916e+01
1.162182699999990021e+01
1.081133300000040087e+01
1.195208900000019980e+01
1.139401400000039999e+01
1.110970299999980071e+01
1.098473099999969982e+01
1.151721599999969925e+01
1.117834899999970055e+01
1.141278799999949989e+01
1.051103599999959926e+01
1.305675299999989925e+01
1.279592599999990021e+01
1.235656699999939967e+01
1.161397100000010063e+01
1.156727199999970068e+01
1.104920399999990011e+01
1.198891100000039955e+01
1.120552099999989970e+01
1.233708200000019950e+01
1.125116399999989980e+01
1.131811399999980061e+01
1.170807200000020032e+01
1.219489500000040039e+01
1.196243700000020027e+01
1.041265100000019928e+01
1.127088900000040006e+01
1.057940500000050044e+01
1.075155900000000031e+01
1.142920399999970016e+01
1.043340699999980004e+01
1.103825600000000051e+01
1.058508900000009945e+01
1.340369799999939993e+01
1.090262700000010021e+01
1.060487599999949992e+01
1.117374599999990004e+01
1.180207400000020002e+01
1.331147600000019970e+01
9.802989999999839554e+00
1.033466099999989929e+01
1.387598400000019971e+01
1.148116799999949933e+01
1.257854799999959994e+01
1.420020399999980043e+01
1.468496200000049967e+01
1.419693500000020059e+01
1.348479400000000084e+01
1.224815500000000057e+01
1.232065499999990088e+01
1.284677199999959996e+01
1.429175099999999965e+01
1.060977600000079946e+01
1.429656999999999911e+01
1.401413700000020057e+01
1.339424900000009977e+01
1.289585199999980070e+01
1.397372400000040038e+01
1.186361700000039932e+01
1.454730000000030010e+01
1.214688900000030003e+01
1.185636300000060039e+01
1.043946400000010044e+01
1.217180899999980070e+01
1.290244100000050054e+01
1.280623400000009937e+01
1.286638699999990010e+01
1.444782400000030087e+01
1.291584799999960076e+01
1.448324799999939927e+01
1.158607899999969959e+01
9.377354999999809593e+00
1.187616600000039924e+01
9.815885000000079685e+00
1.016634299999989999e+01
1.130417999999979983e+01
1.063208400000000076e+01
9.948119999999779139e+00
9.587624999999990294e+00
1.038793800000000012e+01
1.128958599999930001e+01
9.751977999999720481e+00
1.057799300000010057e+01
1.119298799999950056e+01
1.064817700000019940e+01
1.040874400000019939e+01
9.901075000000149728e+00
1.225383100000069980e+01
1.177192000000020045e+01
1.080729600000029933e+01
1.106195700000080073e+01
1.220321999999999996e+01
1.093056300000050030e+01
9.749182000000189419e+00
1.057261500000010024e+01
1.058269400000000005e+01
1.059378499999930057e+01
1.169917599999959990e+01
1.035101300000020075e+01
1.188285899999999984e+01
1.169802700000039941e+01
1.061009100000019956e+01
1.082937400000010086e+01
1.092095399999949912e+01
1.082313099999949912e+01
1.079431500000010047e+01
1.117978200000010069e+01
1.061454600000019965e+01
1.315748800000010021e+01
1.064794200000030067e+01
1.130096899999970006e+01
1.163200700000020049e+01
1.023646699999950016e+01
1.085339599999990057e+01
1.042222199999990018e+01
1.017075200000049939e+01
1.056001699999949928e+01
1.053676600000039976e+01
9.810609999999719832e+00
1.013863899999999951e+01
1.034335200000050037e+01
1.068393999999980082e+01
1.200327300000039976e+01
1.025407599999980057e+01
1.078351800000019978e+01
1.047123200000040022e+01
1.077725199999959926e+01
1.062011800000029993e+01
1.090997100000019948e+01
1.039079799999949927e+01
1.655650300000030128e+01
1.184431500000030013e+01
1.082899499999980009e+01
1.190202500000039976e+01
1.077429300000079948e+01
1.054665000000020036e+01
1.120094199999940088e+01
9.696037999999520096e+00
1.011858000000029989e+01
1.053475300000000026e+01
1.029863699999999938e+01
9.597156999999970850e+00
1.000516599999999912e+01
1.012520899999990043e+01
1.029182499999950018e+01
1.008245299999989975e+01
1.006623000000050006e+01
1.007393200000010047e+01
1.127185500000040008e+01
1.030185700000000004e+01
1.076463299999999990e+01
1.172556299999970086e+01
1.072582399999969915e+01
1.012367399999989992e+01
1.085668600000030004e+01
1.103325799999939960e+01
9.834694000000249403e+00
1.063339000000060075e+01
1.098613899999990018e+01
1.073147000000050078e+01
1.143108399999979952e+01
1.086031999999990028e+01
1.155405799999980054e+01
1.078589699999990081e+01
1.141919700000040017e+01
1.023624599999980056e+01
1.033001099999979999e+01
1.106161299999990000e+01
1.063645299999999949e+01
1.088434700000020072e+01
9.858904000000560330e+00
9.974159000000430098e+00
1.192897000000050056e+01
1.149175300000050015e+01
1.074602699999969957e+01
1.034878000000020037e+01
1.094252700000009959e+01
1.152260699999989946e+01
1.127004199999960043e+01
1.080195699999999981e+01
1.089940300000069939e+01
1.167421100000080081e+01
1.065570999999999913e+01
1.098745700000059955e+01
1.079679200000069983e+01
1.111117400000069999e+01
1.157184699999990052e+01
1.179144900000039975e+01
1.057997599999979954e+01
9.736196999999609858e+00
1.023916100000029950e+01
1.084865100000079963e+01
1.270009899999990033e+01
1.230627099999989937e+01
1.142704899999990076e+01
9.853109999999890789e+00
1.227230000000020027e+01
1.176234799999950020e+01
1.103601599999939964e+01
1.166699600000069914e+01
1.194603899999970054e+01
1.129549299999949952e+01
9.874943999999889144e+00
1.164513199999990078e+01
1.073015600000019987e+01
1.078549700000050038e+01
9.949579000000600359e+00
1.022995799999999988e+01
1.014769900000089997e+01
1.201096399999990005e+01
1.024294399999980065e+01
1.252307900000019991e+01
1.158004100000020031e+01
1.095216800000019930e+01
9.823944999999950412e+00
1.004158300000050019e+01
1.223980099999979920e+01
1.054767599999980021e+01
1.072915499999989919e+01
1.060662200000009925e+01
1.058692199999990002e+01
1.098960699999999946e+01
9.542594000000020671e+00
1.109865500000049998e+01
1.083070000000049937e+01
1.131160699999970021e+01
1.064011800000040076e+01
1.093405499999989949e+01
1.030590500000010046e+01
1.000520299999950069e+01
1.038275699999950064e+01
1.090536199999990075e+01
1.219290299999989990e+01
1.013067299999990034e+01
1.101810599999990004e+01
1.130672800000009914e+01
1.081680699999940032e+01
8.983785999999939875e+00
1.051581000000020083e+01
1.105203700000070022e+01
1.055465600000010085e+01
1.074514300000030076e+01
1.527686199999940087e+01
1.113139499999959980e+01
1.054716500000020041e+01
1.069105699999979997e+01
1.047685899999970083e+01
1.298675700000019972e+01
1.106295199999959955e+01
1.073209100000040017e+01
1.102837200000019990e+01
1.140714400000049977e+01
1.069424900000019996e+01
1.078523199999989934e+01
1.069288600000109923e+01
1.023719600000029928e+01
1.084147499999940045e+01
1.062523099999880039e+01
1.003509599999929947e+01
1.063768999999940057e+01
9.827719000000460170e+00
9.883075999999489269e+00
1.035340099999969965e+01
1.075650399999969942e+01
1.032694700000110011e+01
9.565535000000119581e+00
1.067201000000039990e+01
1.079752200000070061e+01
1.141141899999989917e+01
1.076137299999940034e+01
9.868509000000360132e+00
1.079067200000059934e+01
1.034752300000010017e+01
9.702481999999790219e+00
9.507088999999519174e+00
1.076899699999959914e+01
1.084502199999979943e+01
1.004796199999979933e+01
1.058220300000020053e+01
1.182017100000009968e+01
1.059809699999899912e+01
1.020324600000139981e+01
9.958429999999300009e+00
1.042158000000089935e+01
1.107406600000079955e+01
1.085427900000009949e+01
1.118383600000069933e+01
1.074367500000050057e+01
1.065041800000090078e+01
1.143021800000100008e+01
1.050832399999990052e+01
1.051666999999950036e+01
1.049721299999900026e+01
1.001113500000090006e+01
1.124415199999969950e+01
1.154398699999959987e+01
1.101109700000080061e+01
1.125281300000050067e+01
1.132728200000170027e+01
1.219515200000030042e+01
1.165111599999950087e+01
1.114730900000179936e+01
1.158376200000079947e+01
1.068915399999960059e+01
1.125196799999980080e+01
1.042595200000030076e+01
1.008697900000039915e+01
9.825847000000109688e+00
1.247853499999959936e+01
1.107075900000080004e+01
1.239257199999950032e+01
1.081507199999979996e+01
1.173052000000039996e+01
1.333160099999910031e+01
9.508646000000450016e+00
1.276123499999929933e+01
1.163427499999870030e+01
1.118465599999930049e+01
1.196408900000099962e+01
1.170872600000019936e+01
1.038006399999959939e+01
1.225491199999949998e+01
1.222899799999940029e+01
1.243800399999980044e+01
1.013480399999980008e+01
1.274311699999939940e+01
1.106694900000169923e+01
1.055492400000090036e+01
1.206523599999979979e+01
1.050216900000039999e+01
1.034777599999969944e+01
1.158415599999960044e+01
1.027307600000069954e+01
9.970714999999689354e+00
1.058168700000019946e+01
9.514617000000669123e+00
1.183499499999919991e+01
1.062856899999959914e+01
1.126349800000170021e+01
1.068287999999919968e+01
1.131018099999890048e+01
1.176935400000009935e+01
1.090377900000130040e+01
1.153653600000130020e+01
1.104845399999910072e+01
1.084432000000039942e+01
1.090778999999919918e+01
1.073674299999889925e+01
1.052810500000060046e+01
1.045986799999990069e+01
1.053838200000000036e+01
1.052020799999909961e+01
1.033409699999939946e+01
1.091799499999980050e+01
1.029773999999859946e+01
1.033861199999999947e+01
1.031570399999990073e+01
1.060303700000100058e+01
9.553690000000610638e+00
1.068633400000070033e+01
1.067275199999959945e+01
1.118279399999980050e+01
1.154269100000069947e+01
1.046588500000030031e+01
1.079002799999880047e+01
1.039130900000099977e+01
1.073719399999900048e+01
1.044164600000030063e+01
1.267091200000080065e+01
1.035555700000050017e+01
1.077015499999940040e+01
1.026453200000080024e+01
1.036745499999899955e+01
1.258239300000060013e+01
1.008471400000130025e+01
1.052538200000089930e+01
1.190207600000019994e+01
1.110285099999859959e+01
1.073001900000040010e+01
1.110384700000109959e+01
1.164827100000029958e+01
1.148485800000110046e+01
1.319755400000130052e+01
1.164750500000089950e+01
1.028857200000030048e+01
1.086204699999979972e+01
1.274329700000009957e+01
1.212260299999990032e+01
9.853277999999580317e+00
1.254128199999900062e+01
1.156017200000109924e+01
1.162265400000000071e+01
1.181930699999970003e+01
1.204274300000029996e+01
1.154215600000089914e+01
1.166399500000099998e+01
1.212934599999999996e+01
1.142578900000049913e+01
1.227554399999950085e+01
1.114988700000020039e+01
1.113332399999930011e+01
1.152501899999870005e+01
1.062495800000110080e+01
1.225943799999920003e+01
9.307505000000659834e+00
1.030620000000049963e+01
1.139999099999930010e+01
1.154487500000020006e+01
1.131828399999970003e+01
1.028841100000120079e+01
1.300203999999989968e+01
1.063388400000060052e+01
1.104709099999999999e+01
1.190981700000119936e+01
9.946579999999370258e+00
1.236726999999859977e+01
1.044754800000010064e+01
1.223285899999920012e+01
1.003705499999970030e+01
1.046725299999980052e+01
1.008501299999939960e+01
1.046733699999970035e+01
1.003863400000069994e+01
1.019766200000129963e+01
1.049255599999909983e+01
9.837549000000219479e+00
1.072785700000090081e+01
9.370403000000139926e+00
9.588666999999160723e+00
9.745453999999039496e+00
1.214797799999979944e+01
1.012981399999899956e+01
1.047598600000119973e+01
1.121447499999920083e+01
1.150255399999979922e+01
1.092064700000070054e+01
1.044163200000090086e+01
1.085615999999940051e+01
1.005878500000000031e+01
1.018075300000020000e+01
1.105733599999859962e+01
9.809404999998610819e+00
1.036497600000000041e+01
1.095465699999919984e+01
1.025906299999950022e+01
9.843491000001590052e+00
1.002834500000030005e+01
1.007364900000060004e+01
1.363665100000059915e+01
1.115658999999880052e+01
1.161613999999920033e+01
1.186516299999949986e+01
1.063224199999980080e+01
1.004999500000099921e+01
1.187625999999930038e+01
1.079437499999970029e+01
1.037837400000010035e+01
1.092016900000029977e+01
1.007875500000029945e+01
1.057458500000049995e+01
1.192358499999989974e+01
1.054830400000030011e+01
1.074074599999969948e+01
9.843352000000750834e+00
1.078975999999980040e+01
1.059441499999990022e+01
1.054371399999890002e+01
1.008952699999990088e+01
1.046740099999970042e+01
1.083941199999929950e+01
1.003201400000009968e+01
1.069831100000049950e+01
1.070266899999869992e+01
9.884001999999730614e+00
9.985338999999980203e+00
1.003979999999950046e+01
1.121687600000070084e+01
1.101597000000080051e+01
1.086368899999889948e+01
9.996699000000219826e+00
1.047882800000009951e+01
1.061424999999969998e+01
1.013576099999900038e+01
1.058637199999879996e+01
1.090811200000099923e+01
1.004357900000129966e+01
1.002695499999889961e+01
1.076060400000149997e+01
1.155870599999889947e+01
1.128478899999939955e+01
1.105566500000069929e+01
1.012162700000020088e+01
9.774349999998930727e+00
1.068717400000100071e+01
1.044583999999919932e+01
9.171000000000260499e+00
1.001158600000099952e+01
1.002430500000000002e+01
1.057416200000110074e+01
1.106994399999910073e+01
1.110897899999939931e+01
1.151887099999980002e+01
1.097759900000029987e+01
1.188723399999959973e+01
1.171715000000079954e+01
1.103707499999909913e+01
9.935513999998590862e+00
9.797572000000089432e+00
1.063614499999940044e+01
1.109335900000020025e+01
1.248293300000110051e+01
1.055550999999969974e+01
1.067851300000019954e+01
1.086434999999850071e+01
1.099240499999960008e+01
1.051271400000080014e+01
1.068709200000130011e+01
9.990272999999659120e+00
1.220565399999880007e+01
1.029167199999930027e+01
1.022054099999889942e+01
1.049315399999879972e+01
1.071323000000040082e+01
1.033780600000079986e+01
1.078967000000120002e+01
1.053920000000019996e+01
1.065419799999919981e+01
9.921626000000570045e+00
1.070498899999880038e+01
1.070107600000009995e+01
1.124530199999900049e+01
1.074047000000000018e+01
1.049187699999979984e+01
1.070051199999969960e+01
1.016504799999930064e+01
9.764596000000130616e+00
1.181829799999970021e+01
1.008526000000030010e+01
1.059201200000000043e+01
1.073499900000030038e+01
1.025370600000029953e+01
1.022567400000090032e+01
1.057222699999899973e+01
1.095923699999979917e+01
1.087648000000029924e+01
1.050005499999960001e+01
1.119981599999949928e+01
1.098481700000060002e+01
1.008340399999950066e+01
1.058408199999940003e+01
1.103844100000019957e+01
1.343390799999970042e+01
1.148945699999969960e+01
1.167351500000000009e+01
1.067987200000080072e+01
1.067878599999970035e+01
1.224661700000059916e+01
1.289836199999960087e+01
1.201173000000109958e+01
1.144347900000039964e+01
1.085690699999910080e+01
1.172636000000080081e+01
1.061620600000170000e+01
1.142474799999959956e+01
1.238368399999959912e+01
1.334179299999859936e+01
1.511626599999969933e+01
1.048822299999939922e+01
1.113509299999999946e+01
1.180181400000000025e+01
1.131588400000009997e+01
1.409767599999869958e+01
1.281857799999919933e+01
1.153675599999989920e+01
1.158184400000019920e+01
1.255589200000000005e+01
1.131417600000079915e+01
1.254413499999879988e+01
1.147085100000029989e+01
1.155257100000109993e+01
9.889984000000849207e+00
1.214390499999849915e+01
1.275663999999919973e+01
1.185135400000089945e+01
9.562068000001030299e+00
1.061486399999900065e+01
1.196887400000080071e+01
1.080240299999960030e+01
1.188209700000090052e+01
1.066005900000100048e+01
1.249117200000070049e+01
1.065410400000030045e+01
1.257572699999979982e+01
1.225715300000019958e+01
9.685002999999529294e+00
8.208414000000269439e+00
1.286117000000080068e+01
1.163721999999899914e+01
1.027009300000080039e+01
1.126215600000080030e+01
1.158352000000030024e+01
1.160759099999889976e+01
8.848614999999780295e+00
1.084509100000020076e+01
1.037937200000090066e+01
1.301839599999970076e+01
1.066431399999959950e+01
1.202190500000100037e+01
1.053000299999949974e+01
1.225872900000089949e+01
1.238092700000060020e+01
1.292966599999980026e+01
1.284484400000000015e+01
1.242003099999960014e+01
1.034479199999969978e+01
1.178518500000079960e+01
9.683682000000359835e+00
8.922752000000139461e+00
9.440520000000059753e+00
1.207119300000059958e+01
1.260432300000150008e+01
1.038425099999959933e+01
1.053017000000090064e+01
1.116136200000110001e+01
1.265491400000050071e+01
1.246354199999900025e+01
9.577198000000560540e+00
1.150007300000060084e+01
1.201424000000099923e+01
1.219380800000100074e+01
1.345607099999850043e+01
1.230315200000119980e+01
1.176542600000020045e+01
1.309059899999989973e+01
1.211456700000110054e+01
1.146767300000029977e+01
1.065653799999920004e+01
1.196043200000040052e+01
1.059435700000040015e+01
1.098143499999969919e+01
1.107930299999889989e+01
1.024727899999970049e+01
9.969903000000000404e+00
1.173775100000010063e+01
1.156545400000119983e+01
1.184650799999960036e+01
1.037967999999979973e+01
1.126141399999979953e+01
1.044517199999889989e+01
1.128977000000119979e+01
1.239415200000060047e+01
1.017840599999959927e+01
8.965558999999959866e+00
1.029540900000110071e+01
1.080339299999980085e+01
1.046256400000089926e+01
9.704427999999149179e+00
8.887271000000749765e+00
1.026671400000009982e+01
9.641905999998810373e+00
9.710402999999699247e+00
9.634759000000769902e+00
9.735878999999059147e+00
9.317461000000189841e+00
1.262627100000019986e+01
9.829307000000399697e+00
1.162369099999870059e+01
1.075745800000050068e+01
1.218591199999960040e+01
1.172460400000120018e+01
1.064423799999939924e+01
9.925018000000559226e+00
9.987692999999350008e+00
1.202385700000090019e+01
1.189146299999950074e+01
1.095354599999959966e+01
1.120346299999929940e+01
1.013289499999990007e+01
9.615151000000210502e+00
9.822377999999080345e+00
9.759083999998809489e+00
9.778458999999630308e+00
9.762549999999590611e+00
9.641036999999739621e+00
9.853506000000679776e+00
1.055716599999989924e+01
1.213922799999880020e+01
1.144142000000059944e+01
1.053487699999960014e+01
1.073305500000109980e+01
1.066705799999919968e+01
1.099504699999980062e+01
1.151763000000019943e+01
1.084625799999910001e+01
1.076084900000040001e+01
9.750813000000139397e+00
1.056274599999970043e+01
9.838526999999430700e+00
1.036471699999989937e+01
1.071862599999919929e+01
1.003104200000139912e+01
1.070395200000010050e+01
1.105007100000140063e+01
1.196241099999899937e+01
1.023050400000079918e+01
1.083192399999970057e+01
9.996742000000219619e+00
9.669860999999000839e+00
9.628859000001099844e+00
9.554837000001370484e+00
9.664503999999849881e+00
1.101816899999970012e+01
9.711334000000350741e+00
9.655820000000760572e+00
1.031871200000009914e+01
9.593955999999790762e+00
9.683220999999520018e+00
1.078910799999909997e+01
1.292066899999969998e+01
9.700554000000140675e+00
1.082632699999840042e+01
1.007105000000050055e+01
1.073675599999999974e+01
1.124277299999929980e+01
1.172877800000020088e+01
1.013311600000040080e+01
1.035656200000009974e+01
1.182955099999989912e+01
1.127682200000099932e+01
1.140625700000090070e+01
1.169907200000080039e+01
1.161777099999920004e+01
1.051152899999859969e+01
1.132455599999989992e+01
1.065289900000009915e+01
9.718813999999300179e+00
9.735406000000779159e+00
9.753005999998620723e+00
9.777993999998459529e+00
1.091994500000130053e+01
9.674256999998579687e+00
9.969763000000849473e+00
9.657241000001089759e+00
9.757955999999619934e+00
1.256236199999879943e+01
8.633792999999560180e+00
1.048117300000049923e+01
1.214374399999939946e+01
1.103595200000030019e+01
1.071713199999989996e+01
1.064367999999939940e+01
1.041540900000019931e+01
1.058844499999979938e+01
1.065922399999939962e+01
1.027458999999990041e+01
1.077548199999970002e+01
1.081879300000029964e+01
9.545304000001310740e+00
1.198232399999990072e+01
1.135432899999960021e+01
1.038322399999990076e+01
1.110967300000000080e+01
1.013509300000059987e+01
9.558975999999219653e+00
9.811155999999600752e+00
9.865377000000560059e+00
1.448832900000060064e+01
1.228804199999980007e+01
1.163169400000010079e+01
1.050593300000100072e+01
1.262023899999850052e+01
1.361354800000039944e+01
1.094344000000010020e+01
1.099788499999830016e+01
1.063272700000080029e+01
1.138747200000089954e+01
1.134507500000129987e+01
1.201655200000040047e+01
1.028827200000040065e+01
1.055481399999890080e+01
1.028423400000020038e+01
1.047539700000040064e+01
1.053397999999990020e+01
1.050886500000030033e+01
1.012600499999999926e+01
1.215033799999959996e+01
1.015363800000019978e+01
1.049218300000019966e+01
1.120876299999910053e+01
1.020297099999999979e+01
9.530493999999830379e+00
9.700244999999439344e+00
1.391380799999990003e+01
1.166467300000030072e+01
1.139169600000050053e+01
1.028036099999950004e+01
1.261909299999959977e+01
1.246905400000030006e+01
1.216185100000009989e+01
1.067098899999940009e+01
1.084682399999969959e+01
1.104331099999989974e+01
1.123193299999950057e+01
1.239482799999970020e+01
1.308722899999989941e+01
1.193006299999940012e+01
1.224757199999969970e+01
1.170963700000089958e+01
1.118554299999989965e+01
1.191147599999989914e+01
1.336679500000139953e+01
1.028310999999959918e+01
1.253479400000050070e+01
1.126592499999999930e+01
1.125566700000040044e+01
1.019606700000080046e+01
1.206969899999950080e+01
1.184707700000049968e+01
1.089527100000080040e+01
9.674981999999939575e+00
9.565121999999700364e+00
1.015373000000069936e+01
1.167406699999949993e+01
1.018335199999850005e+01
1.046702600000059924e+01
1.125700199999890039e+01
1.074579800000030083e+01
1.038283300000130005e+01
1.264255799999959962e+01
9.842084000000639321e+00
1.056695900000019961e+01
1.061189099999990049e+01
1.004478199999959998e+01
9.984957000000349581e+00
1.078547800000250056e+01
1.050690699999990052e+01
1.001559699999890007e+01
1.062564999999790061e+01
1.167138099999930034e+01
9.802815999996990826e+00
1.034132899999920063e+01
1.157652899999919960e+01
1.106752600000150011e+01
1.158107899999910018e+01
1.085232299999820071e+01
1.038793900000099946e+01
1.052321199999889956e+01
1.094846900000229972e+01
1.128123800000219923e+01
1.052429599999980070e+01
1.027028000000029984e+01
1.059416500000049943e+01
1.164076099999889990e+01
1.063435000000010078e+01
1.269554799999989925e+01
1.142205200000029919e+01
1.073737999999839943e+01
1.086978300000039965e+01
1.166188099999840055e+01
1.086387500000190087e+01
1.130318400000260048e+01
1.181736899999919999e+01
1.125322000000040035e+01
1.181901300000020072e+01
1.118972200000099981e+01
1.106543099999869995e+01
1.092800600000030009e+01
1.141736299999960025e+01
1.100250999999730084e+01
1.130328600000039962e+01
1.178363500000049946e+01
1.031391199999730013e+01
1.192095300000059943e+01
1.174561199999859973e+01
1.006371100000080077e+01
1.059453200000250028e+01
1.122966099999799994e+01
1.008818700000090018e+01
9.826621999998510049e+00
1.094072599999759987e+01
1.139451400000269921e+01
1.033314299999690000e+01
9.325412999999119990e+00
9.642145000000819977e+00
9.438996000000090092e+00
9.688226999998050815e+00
1.075959699999980046e+01
1.000655900000069920e+01
1.051640999999749937e+01
1.138832499999860026e+01
1.175635600000289926e+01
1.110483400000109988e+01
1.059825099999759956e+01
1.224605399999849986e+01
1.080598499999750040e+01
1.170537899999860088e+01
1.314433700000000016e+01
1.314282199999889933e+01
1.145138400000080026e+01
1.212973500000200033e+01
1.168327000000249960e+01
9.884271999997199742e+00
1.154646000000169970e+01
1.128608000000139988e+01
1.275735999999839976e+01
1.192105300000180002e+01
1.065548999999779944e+01
1.376107999999829978e+01
1.216506299999760010e+01
1.356801800000079972e+01
1.258474900000189933e+01
1.226886500000290070e+01
1.043935100000230065e+01
1.057446300000109929e+01
1.167027500000019913e+01
1.292861299999970015e+01
9.838240000000549657e+00
1.041910800000069948e+01
1.043233100000050051e+01
1.167674199999880003e+01
1.146251499999810086e+01
1.086805200000280003e+01
1.072421199999950048e+01
1.008994400000059954e+01
1.061721499999990037e+01
1.084204200000020002e+01
9.558553999998050443e+00
1.187447799999929998e+01
1.022980900000190019e+01
9.727096000002429577e+00
1.002547799999929978e+01
1.121921000000009983e+01
1.036809599999699927e+01
1.030749000000239946e+01
1.090440600000160032e+01
1.122094200000129938e+01
1.123951000000290001e+01
1.064817500000000017e+01
1.125087100000139984e+01
1.100334200000220086e+01
1.092893300000240053e+01
1.276768099999969941e+01
1.134088999999960024e+01
1.127681199999839912e+01
1.172931700000030020e+01
1.043112700000039972e+01
1.017917699999770065e+01
1.325392500000079998e+01
1.040967600000189996e+01
1.051452299999770013e+01
1.010290700000030029e+01
1.221734800000010068e+01
1.025057499999699928e+01
1.026180999999940013e+01
9.281190999999470392e+00
1.159638600000080011e+01
1.394052099999849936e+01
1.201929399999809966e+01
1.200593700000139918e+01
1.204316700000159912e+01
1.263648799999829997e+01
1.177003899999819936e+01
1.090314500000030051e+01
1.003658399999810058e+01
9.779190999999800127e+00
9.919228000001110601e+00
1.052996299999979968e+01
1.232303799999809968e+01
1.105830199999859964e+01
1.148232899999969980e+01
1.095311899999980021e+01
1.330915500000170049e+01
9.606687999998090532e+00
8.966841999999530799e+00
1.112500700000039977e+01
1.293091700000199928e+01
1.218239700000009940e+01
1.273238399999950055e+01
1.286338300000270074e+01
1.133599200000289997e+01
1.090548099999820053e+01
1.004535699999919984e+01
8.992137999999979314e+00
9.915970999998080515e+00
1.025676499999759983e+01
9.637912999998830443e+00
9.850301000000170504e+00
1.024768799999979940e+01
1.062588399999950006e+01
9.616294000000639386e+00
1.067476000000059955e+01
1.123314299999830013e+01
1.016125700000000087e+01
1.071784900000239915e+01
1.118043600000009974e+01
1.156746099999850053e+01
1.059875800000039980e+01
1.005181400000049941e+01
1.096574199999979982e+01
1.294792599999889937e+01
1.039539699999989963e+01
1.183922500000280031e+01
1.263306999999969982e+01
1.245818099999950057e+01
1.273146700000179976e+01
1.279266499999920015e+01
1.259915900000049938e+01
1.110776200000169922e+01
1.061514399999910019e+01
9.731864999999119803e+00
1.037867000000150064e+01
1.165712399999920024e+01
1.018636099999880074e+01
1.338320500000019919e+01
1.239020999999950057e+01
1.384962599999889932e+01
1.214184399999849973e+01
1.423185199999820050e+01
1.125561299999939990e+01
1.123334600000089978e+01
1.148719600000089969e+01
1.304501899999979919e+01
1.094956599999719948e+01
1.195333500000119997e+01
9.791257999999910311e+00
1.054945999999999984e+01
1.101755100000189991e+01
9.795557000000339798e+00
1.044937400000019956e+01
1.110607799999739953e+01
1.060326400000020008e+01
1.135109699999859956e+01
1.058966100000090016e+01
1.152885600000180055e+01
1.448136300000160048e+01
1.371410799999850028e+01
9.704399000000309528e+00
1.270055499999859983e+01
1.269058199999759928e+01
1.178341100000320019e+01
1.074668300000070076e+01
1.145962000000010050e+01
1.219452800000200021e+01
1.182956599999939939e+01
1.153843199999830027e+01
1.300172999999920087e+01
1.230517200000140043e+01
1.163982199999940015e+01
1.044457900000140071e+01
1.216924000000219941e+01
1.062041100000140048e+01
1.118345899999800075e+01
1.187907599999959984e+01
1.124251300000270071e+01
1.056169800000009928e+01
1.306759599999909938e+01
1.023916199999769994e+01
1.193496400000170077e+01
1.073273400000119970e+01
1.097213599999949984e+01
9.977217999999510312e+00
1.029988700000219914e+01
1.014365199999999945e+01
1.147891000000099915e+01
1.303668799999969963e+01
1.166341899999780019e+01
1.238759299999970054e+01
1.304406699999920072e+01
1.115630900000039993e+01
1.157699399999859935e+01
8.742589000000579702e+00
1.119703400000200055e+01
1.225896300000069949e+01
1.002725100000029990e+01
9.312336000000700054e+00
1.076080100000000073e+01
8.344285999999810244e+00
9.434199999997620267e+00
9.887940999998789948e+00
1.003897999999739987e+01
1.040116100000079946e+01
1.092415900000180073e+01
1.177854900000239979e+01
1.026586600000099914e+01
1.114055499999719956e+01
1.075680099999940076e+01
1.003990199999899957e+01
1.155419799999889996e+01
1.049820200000080028e+01
1.059108500000150066e+01
1.374761399999970024e+01
9.853943999999609460e+00
1.015284800000059917e+01
9.333258999998150784e+00
9.801992999999949774e+00
9.745279000000550695e+00
9.946671999998100588e+00
1.196507200000239912e+01
1.152118300000280016e+01
9.790735999999359507e+00
9.745028000001099144e+00
9.934359000002499940e+00
9.665378000001110692e+00
1.059812700000150087e+01
1.298533900000009922e+01
9.667848999999510085e+00
1.034385799999880007e+01
1.131313000000129954e+01
1.071215600000030044e+01
1.276407799999999959e+01
1.268107299999950044e+01
1.143764400000079995e+01
1.129497000000159979e+01
1.338276199999910077e+01
1.161085700000089993e+01
1.138429599999919972e+01
1.144906900000109928e+01
1.034250400000050085e+01
1.092260900000139934e+01
9.563586999998820559e+00
1.239124199999960041e+01
1.040227300000040067e+01
1.201099399999709938e+01
1.223510500000199919e+01
1.279622999999929966e+01
1.012676199999870086e+01
1.080648300000319928e+01
9.940094000000950558e+00
1.080194100000040081e+01
1.156393200000139920e+01
1.078393499999920024e+01
1.148095099999940061e+01
1.136809600000180076e+01
1.330436399999969943e+01
1.171699300000030064e+01
1.089595699999889966e+01
1.071523699999939971e+01
9.764063000002209947e+00
1.078281699999910082e+01
1.080989600000139994e+01
1.047195499999989998e+01
1.059722200000119940e+01
9.938867999998990399e+00
1.069986899999980068e+01
1.110680999999759955e+01
1.076407500000090067e+01
1.113903599999940042e+01
9.422195000002629328e+00
9.329947000001229895e+00
1.103398599999749941e+01
1.144462500000289928e+01
9.172777999999940590e+00
1.059411599999999964e+01
1.146198700000059922e+01
9.134387999999660224e+00
9.574831000001889691e+00
9.648948999998909315e+00
9.239746999998740051e+00
1.004819099999919985e+01
1.123236100000110049e+01
1.155690599999910084e+01
1.088471299999939923e+01
1.061600399999920086e+01
1.051510099999929970e+01
1.099350800000209993e+01
1.246875200000019923e+01
1.039083499999900084e+01
1.282501399999699920e+01
1.116343900000060074e+01
1.113904900000049913e+01
1.157372099999779991e+01
1.075810200000050010e+01
1.068437100000000051e+01
1.220132599999960021e+01
1.319326199999789928e+01
1.248561400000270005e+01
1.247419999999980078e+01
1.138711799999829921e+01
1.263041199999999975e+01
1.353312299999839929e+01
1.338852299999970086e+01
1.274465200000209997e+01
1.166955300000079987e+01
1.304663600000210089e+01
1.143737299999970070e+01
1.248425300000019966e+01
1.088619500000119977e+01
1.198417800000230038e+01
1.263444399999970003e+01
1.066138799999909992e+01
1.150687299999830060e+01
1.019454399999730043e+01
1.129675800000030073e+01
9.930980000000030117e+00
1.104840700000050013e+01
9.411475000000280033e+00
1.032189800000080027e+01
1.169554699999859970e+01
1.161174099999939990e+01
1.321797300000329933e+01
1.208277900000000038e+01
1.004133500000039980e+01
1.111903600000020020e+01
1.070655599999880003e+01
9.418090000000489681e+00
9.845132999998899237e+00
1.122616600000010045e+01
1.094459099999770046e+01
1.148586600000099978e+01
1.155460800000090060e+01
1.242302699999700089e+01
1.222925299999739934e+01
1.150826700000000002e+01
9.684983999999730031e+00
1.045887299999749942e+01
1.354971800000019932e+01
1.232050500000170068e+01
1.044419000000119979e+01
1.126757799999820087e+01
1.046601799999890048e+01
9.418535000001780233e+00
8.654864000000369373e+00
9.393485000000369567e+00
8.936514999998479425e+00
9.132160000000059341e+00
1.038773300000170074e+01
1.012147500000179967e+01
1.239343900000019971e+01
1.083281700000070025e+01
1.181857399999939950e+01
1.045721299999869913e+01
1.071654900000140032e+01
9.475007000002479529e+00
8.379571400000070014e+01
9.719336999999940829e+00
1.109582100000140059e+01
9.931518999998450781e+00
1.063373200000230057e+01
1.065371900000049976e+01
1.382595599999799951e+01
1.217902300000159954e+01
1.300633299999990022e+01
1.256929499999870004e+01
1.114499400000210017e+01
1.015647799999899981e+01
1.318371599999679944e+01
1.013616500000230047e+01
1.193897799999989928e+01
1.148955499999719976e+01
1.026340599999999981e+01
1.266760800000099962e+01
1.227727399999879943e+01
1.115037099999939940e+01
1.262097199999699981e+01
1.191854900000070039e+01
1.194958999999679961e+01
1.284763199999970062e+01
1.294718099999770011e+01
1.071469799999749917e+01
1.123098000000059926e+01
1.116418599999849981e+01
1.245754500000020037e+01
1.132893700000179926e+01
1.038569400000000087e+01
1.152882799999940033e+01
9.982049999997860468e+00
1.000570800000130056e+01
1.213260199999769995e+01
1.139929800000060034e+01
1.029736899999990030e+01
1.098175699999969979e+01
1.238742800000030009e+01
1.348851099999849978e+01
1.183035000000029946e+01
1.157689599999759977e+01
1.111386999999909975e+01
1.062071300000160079e+01
9.385392999998739327e+00
1.049821199999809984e+01
9.473351000000459265e+00
1.011832499999700019e+01
9.970164000002059268e+00
1.099887899999889918e+01
1.221078900000090073e+01
1.011385899999689997e+01
9.831312999999399338e+00
1.041728099999870061e+01
1.180727999999930056e+01
1.034636300000000020e+01
1.047872100000190088e+01
1.181971000000100069e+01
1.103545900000209912e+01
1.173873699999819920e+01
1.105516000000150001e+01
9.887827000000019240e+00
1.415504600000259927e+01
1.017072600000190086e+01
1.058513199999920040e+01
1.073005399999970066e+01
1.064730199999890026e+01
1.057207199999870006e+01
1.164156400000140046e+01
1.325926300000189961e+01
1.183133700000029975e+01
1.018150799999870060e+01
1.150995000000069979e+01
1.208590499999930046e+01
1.349485699999780053e+01
1.485411499999860041e+01
1.151633899999990085e+01
1.170905900000109945e+01
1.077727099999849969e+01
1.268404500000029955e+01
1.051334899999999983e+01
1.076817100000229921e+01
1.147546700000039976e+01
1.082052900000009998e+01
9.731298000001940451e+00
1.354278799999880079e+01
1.041910499999690032e+01
1.013732500000229919e+01
1.045746900000209934e+01
1.291733500000090018e+01
1.214559799999999967e+01
1.325673600000239993e+01
1.153805100000229977e+01
1.457029400000210018e+01
1.117494100000019941e+01
9.284542999999699120e+00
9.447680000000959311e+00
1.006151400000019969e+01
1.010032700000000006e+01
1.089116700000050031e+01
9.983945999998409704e+00
9.709057999998549349e+00
9.347785000002769351e+00
9.886648999998470799e+00
1.179087099999880017e+01
1.022773200000060001e+01
1.119765500000010050e+01
1.067312300000009984e+01
1.082830700000059920e+01
1.161649000000149989e+01
1.262908899999719914e+01
1.154246600000159972e+01
1.066780200000039969e+01
1.099249600000010041e+01
1.148675500000000049e+01
1.164681599999889983e+01
1.044690200000179914e+01
1.020707400000019938e+01
1.148042600000209923e+01
1.216403300000120069e+01
1.387103400000099995e+01
1.302437599999709938e+01
9.886011000002529414e+00
1.218593700000170088e+01
9.917459000000409475e+00
9.300156000001889467e+00
1.174222900000290082e+01
9.056543999999890460e+00
9.509232999999280622e+00
1.198681400000010022e+01
1.143072699999689945e+01
1.179775299999969995e+01
1.307538100000020087e+01
1.003299599999959923e+01
1.253763000000060046e+01
1.008925100000010033e+01
1.164296700000019946e+01
1.079027500000150042e+01
1.254191299999970077e+01
9.257606000002029489e+00
8.984178999998700732e+00
9.310886999998050584e+00
1.173419300000229981e+01
1.000921500000020004e+01
1.251081799999909983e+01
1.239824900000030006e+01
1.286298799999839915e+01
1.238543600000240019e+01
1.173558099999990034e+01
1.115894499999829925e+01
9.678567000001690346e+00
1.058960299999970012e+01
1.096704600000109942e+01
1.080636400000049946e+01
1.095013699999829981e+01
9.899215000000790354e+00
9.694741000000560049e+00
1.053035099999990010e+01
1.081145000000210032e+01
1.019353600000269999e+01
9.989962000002350351e+00
9.679630000000830847e+00
9.708298999999700030e+00
8.862627000002730071e+00
1.422808399999910023e+01
1.201054699999910014e+01
1.296996099999959995e+01
1.040549300000039956e+01
1.112473499999920001e+01
1.203341799999789963e+01
1.011798000000040076e+01
9.740837999999030217e+00
1.061979299999999959e+01
1.083634100000099920e+01
1.160347600000119961e+01
1.206681000000030046e+01
1.032893100000010023e+01
1.098222299999920004e+01
1.433818099999940010e+01
1.111771000000059928e+01
1.197339299999810081e+01
1.089229900000180074e+01
1.218149400000000071e+01
1.333478700000160089e+01
1.148796700000080051e+01
1.132796699999970080e+01
1.114615500000230064e+01
1.137652399999920050e+01
1.096304500000040072e+01
1.084536300000140052e+01
1.049856600000249962e+01
9.982736000001320775e+00
9.622589999999320298e+00
1.020047199999750021e+01
1.240263800000109917e+01
1.323896499999930043e+01
1.185671100000010014e+01
1.245177499999880055e+01
1.288314199999969922e+01
1.429196300000159958e+01
1.262942800000029919e+01
1.277160700000120030e+01
1.180605200000069921e+01
1.262448800000020022e+01
1.124181699999840056e+01
1.126119200000280074e+01
1.098578799999929956e+01
1.043001400000069978e+01
1.144527099999950082e+01
1.269888499999889930e+01
9.827502000000270854e+00
1.140441000000079974e+01
9.900516999998389522e+00
1.251790499999930084e+01
1.207866300000049975e+01
1.147999500000200079e+01
1.304163400000039985e+01
9.732647999999949562e+00
1.176514299999809943e+01
1.097803499999730015e+01
1.066027299999920075e+01
1.330425500000129979e+01
9.899021000002509396e+00
1.093741400000070030e+01
9.817917000003010486e+00
1.010547899999989951e+01
1.015230799999859990e+01
9.935257000002199135e+00
1.119079400000089919e+01
9.991550000002289877e+00
1.099343499999960017e+01
1.040118600000280047e+01
9.005058999999700831e+00
1.073322100000240020e+01
1.002293700000219978e+01
1.097831699999930066e+01
1.067251499999949971e+01
1.125095899999809923e+01
1.205965599999809967e+01
1.012442600000090032e+01
1.185978499999860070e+01
1.353308699999900000e+01
1.439975499999949982e+01
1.276945400000069952e+01
1.272971700000269912e+01
1.211850299999989922e+01
8.314296000001780484e+00
1.347672400000019977e+01
1.189186999999949990e+01
1.057228600000219920e+01
1.215522900000109985e+01
1.265989300000209994e+01
1.179981499999979988e+01
1.359660500000000027e+01
1.065185499999899932e+01
1.201212400000170000e+01
1.220371399999820028e+01
1.014685300000200030e+01
9.510509000001830415e+00
1.069807600000060077e+01
1.028037300000050003e+01
1.095270499999760005e+01
1.013699499999989939e+01
1.060088399999870035e+01
1.199507800000180069e+01
1.150658199999909925e+01
1.072430400000000006e+01
1.186163499999890014e+01
1.256204500000280078e+01
9.560211000000149895e+00
1.389319200000119992e+01
1.167540199999809936e+01
1.095027299999880022e+01
1.055102999999849978e+01
1.079027600000159914e+01
1.195427400000069973e+01
1.166875899999910082e+01
1.161727099999870028e+01
9.408492999998690820e+00
1.121575699999869968e+01
1.102557400000140042e+01
1.092543300000060036e+01
1.080493699999959922e+01
1.160613799999769924e+01
1.208341299999920082e+01
1.147745700000159985e+01
1.085752099999839970e+01
1.167890099999980080e+01
1.051021700000019976e+01
1.070700700000059946e+01
1.178852700000019915e+01
1.083329599999770032e+01
1.093783499999999975e+01
9.674067999998930745e+00
1.170299800000050006e+01
1.131042400000129966e+01
1.079457799999869927e+01
9.758091000001909876e+00
9.856979000002040081e+00
9.853146000001089533e+00
9.696257999998179500e+00
1.042655100000190060e+01
9.682791999999549759e+00
1.019576700000260061e+01
9.825114999998159959e+00
9.659574000000500149e+00
1.040353000000139971e+01
1.168934400000049934e+01
1.000238099999960006e+01
1.135860900000199969e+01
1.246238999999959951e+01
1.182223100000000038e+01
1.100590599999759966e+01
1.120096800000069948e+01
1.067386999999800068e+01
1.154938299999840012e+01
1.123019999999999996e+01
1.176037099999759938e+01
9.962770000001340165e+00
1.102693600000040064e+01
1.223144700000129959e+01
9.780078999998659484e+00
1.014752700000090080e+01
1.094962399999839953e+01
1.069466800000279960e+01
1.165099400000000074e+01
1.170269700000049973e+01
1.239115999999999929e+01
1.029950600000259975e+01
9.532918000001439296e+00
1.169490799999909925e+01
9.818830000000389191e+00
1.344300699999929982e+01
1.236615900000260027e+01
1.224279899999909915e+01
1.082505999999840007e+01
1.084841200000139949e+01
1.274178199999909999e+01
1.426056300000059984e+01
9.169262000000340862e+00
1.048229499999919945e+01
1.324961699999959919e+01
1.225117599999950002e+01
1.057035299999849975e+01
1.148774900000050003e+01
1.066880200000139922e+01
9.845220000002539606e+00
1.112552200000039981e+01
1.332634100000259991e+01
1.134840099999929919e+01
1.236402500000009930e+01
1.158265999999840012e+01
1.004197900000039922e+01
9.741970000000319985e+00
1.117764900000040029e+01
8.864243999997970747e+00
1.233118000000030001e+01
1.168369599999859965e+01
9.211731000000609626e+00
9.701964000001339627e+00
9.775502000000100722e+00
9.798617999997819794e+00
9.880715999997850219e+00
1.011483399999949917e+01
9.787533000000790295e+00
1.007978800000229924e+01
1.019257400000130076e+01
1.034609800000299984e+01
1.001249700000169973e+01
1.065574899999790048e+01
1.069156800000209984e+01
1.135238700000230061e+01
1.087980299999810008e+01
1.063757000000009967e+01
1.329389500000029933e+01
9.819216000000350775e+00
1.043433099999900016e+01
1.273039600000199911e+01
1.039625099999950031e+01
9.328594999999500814e+00
1.137428299999849912e+01
9.942064000000529589e+00
1.014449500000229953e+01
1.129284399999970034e+01
1.005754699999880053e+01
1.053808600000039952e+01
1.094860000000250011e+01
9.905030999998839292e+00
1.041827899999960039e+01
1.026611600000039992e+01
1.141038900000170031e+01
1.156895899999810062e+01
1.049625299999950023e+01
1.082223400000260050e+01
1.248453299999849975e+01
1.145763099999899914e+01
1.202210900000009985e+01
1.096033000000320001e+01
1.107005500000109954e+01
1.014571099999979964e+01
1.069890099999780020e+01
1.039606399999830089e+01
1.148475999999829966e+01
1.222772600000249987e+01
1.324405400000119926e+01
1.146289300000089995e+01
1.063408300000289941e+01
1.129500199999709942e+01
1.187267299999919956e+01
1.027981699999710052e+01
1.060666299999719975e+01
1.257245300000059984e+01
1.244150699999839915e+01
1.176992499999940023e+01
1.208300999999780068e+01
1.330746500000049970e+01
1.121121499999940063e+01
1.217202000000130013e+01
1.190356400000069925e+01
1.055334999999860024e+01
1.054148800000120012e+01
9.961985000000339596e+00
1.015491100000079960e+01
1.076793200000030026e+01
1.135467699999989932e+01
1.105891099999920080e+01
9.501776999996989659e+00
1.143824800000099984e+01
1.168432100000059926e+01
1.153037299999940046e+01
1.231053300000080064e+01
1.136338899999960006e+01
1.177484000000110065e+01
1.298468999999970031e+01
1.157556699999769911e+01
1.218418400000230051e+01
1.199464399999780007e+01
1.149097599999750052e+01
9.653942999999999941e+00
1.244243300000040087e+01
1.134684099999820006e+01
1.262222699999779962e+01
1.253523500000139990e+01
1.195077899999930082e+01
1.297116499999970074e+01
1.115642399999929957e+01
1.253167900000210011e+01
1.206252899999780048e+01
1.321681199999959944e+01
1.065038899999849953e+01
1.130676300000030032e+01
1.304154700000029976e+01
1.248836499999939953e+01
1.072034700000300056e+01
1.239365600000039969e+01
1.252688399999970059e+01
1.267878299999840053e+01
1.441793800000110082e+01
9.093349000000470639e+00
9.953817999999609256e+00
9.979612999998719758e+00
8.262117000001010680e+00
9.865839999999790777e+00
8.936725000001640495e+00
7.720007999999720205e+00
1.040517200000219944e+01
1.054704099999879929e+01
8.728896000000929689e+00
9.632366000001720607e+00
1.040432199999940011e+01
8.198503999999219971e+00
1.156568300000060034e+01
1.219303699999939994e+01
1.148171699999880069e+01
1.155723199999770046e+01
1.139972500000039979e+01
1.028114600000050061e+01
1.040055200000010061e+01
1.066738799999810006e+01
1.130539900000120035e+01
1.274463000000029922e+01
1.074058400000060054e+01
1.075392799999969995e+01
1.024641900000129979e+01
1.350927800000079948e+01
9.702156999999539622e+00
1.052891200000160055e+01
1.058365000000089928e+01
1.073516900000019980e+01
1.180972899999940040e+01
1.049142199999760017e+01
1.110936299999920074e+01
1.086753099999880057e+01
1.114814600000000056e+01
1.341747400000060075e+01
1.239005200000070062e+01
1.256605999999749912e+01
1.135277400000230053e+01
1.054459899999929995e+01
1.442912399999939943e+01
1.400557999999920078e+01
1.219537800000130012e+01
1.226327700000240029e+01
1.228865400000250041e+01
1.114052100000150070e+01
1.269667299999709975e+01
1.238419600000280063e+01
1.253859499999880001e+01
1.163796499999850020e+01
1.147541400000310041e+01
1.287389599999860046e+01
1.079683700000090063e+01
1.110429999999949935e+01
1.235707300000039943e+01
1.134340000000119986e+01
1.119461799999750085e+01
1.164039700000069999e+01
1.014590499999810014e+01
1.146340700000079948e+01
1.111763000000109969e+01
1.149776000000099963e+01
1.169765399999890043e+01
1.179101399999989930e+01
1.051405300000140031e+01
1.137579100000250065e+01
1.078592200000020007e+01
1.141088500000009986e+01
1.023396700000130011e+01
1.343579899999980043e+01
1.353145100000219969e+01
1.011304300000050027e+01
1.052806499999899970e+01
1.085669700000119953e+01
1.072348799999999969e+01
1.074258900000300088e+01
1.350615300000159991e+01
1.378247299999910069e+01
1.409168700000049945e+01
1.372252999999900069e+01
1.267704200000000014e+01
9.693720999997880838e+00
1.045689100000049976e+01
1.027523199999789938e+01
1.132047300000139956e+01
1.121400299999920058e+01
1.073104099999969918e+01
1.101617800000200020e+01
1.081848100000119928e+01
9.696068999996750648e+00
1.115784099999929957e+01
1.159565700000089983e+01
1.090411699999899930e+01
1.109296999999999933e+01
1.099003200000229974e+01
1.109602799999719913e+01
1.091875999999910007e+01
1.080703199999889996e+01
1.157240999999939923e+01
1.089989600000149927e+01
9.937161999999940321e+00
1.131749199999990019e+01
1.258696200000029997e+01
9.411512999999869677e+00
1.127584600000020032e+01
1.164066899999840032e+01
1.261622000000170019e+01
1.105824800000119978e+01
1.123043599999819975e+01
1.182429900000060030e+01
1.231418800000129998e+01
1.427256800000269976e+01
1.007504099999679958e+01
1.188165900000019981e+01
1.135516900000160057e+01
1.205397899999739941e+01
1.265781500000069926e+01
1.171603199999890066e+01
1.293924700000200012e+01
1.226217199999980068e+01
1.266524000000049988e+01
1.260477499999979933e+01
1.056732400000020000e+01
1.086144200000310001e+01
1.067285800000309948e+01
1.089661900000040085e+01
1.105685699999980010e+01
1.077788999999999930e+01
1.124500199999899941e+01
1.108572000000049940e+01
1.115082999999829916e+01
1.099482799999760019e+01
1.017077199999859971e+01
1.137517000000089951e+01
9.626694999997910784e+00
1.056057199999930063e+01
9.921087999998690066e+00
9.740702999998520184e+00
1.068263699999859995e+01
9.869972999997150609e+00
1.069969899999989948e+01
1.055733399999779998e+01
1.140106299999740003e+01
1.094950100000250082e+01
1.059771299999919947e+01
1.081968700000149930e+01
1.016492500000149946e+01
1.067683199999789956e+01
1.064946099999989926e+01
1.077470799999960072e+01
1.061465600000130038e+01
1.086536900000110073e+01
1.100589400000020035e+01
1.141437400000100055e+01
1.248114399999879964e+01
1.104610699999849999e+01
1.082151099999959953e+01
1.157656400000210084e+01
1.176403899999909974e+01
1.164415599999910000e+01
1.111381400000160014e+01
