1.406241300000490035e+01
1.097944899998990032e+01
1.122377000000090064e+01
1.073622000001249965e+01
1.128640099999249991e+01
1.024957799999980068e+01
9.831073000000859707e+00
1.185950699999689917e+01
1.063192000000869974e+01
1.031522699999239912e+01
1.004242999999859975e+01
1.018874200001109998e+01
1.007437299999480018e+01
1.103422900000339979e+01
1.123394500000070018e+01
1.069286999999970078e+01
1.312565499999609919e+01
1.047539799999699994e+01
1.007938700000470078e+01
1.159008000000480010e+01
1.038576799999190037e+01
1.037261800000520040e+01
1.002880100000430019e+01
1.011959200000939951e+01
1.021275600000140038e+01
1.077684499999520007e+01
1.038877199999889989e+01
1.060483099999490086e+01
1.088109100000169960e+01
1.025383300000729925e+01
1.064166300000120025e+01
1.156274599999560060e+01
1.128956700000570024e+01
1.224657899999220056e+01
1.101096700000429962e+01
1.068333099999560076e+01
1.004586400000560076e+01
1.036747500000960009e+01
1.357806599999380026e+01
1.045359600000490019e+01
1.006837699999610081e+01
1.090808499999699954e+01
1.021747800000130013e+01
1.010206399999450078e+01
1.014664900000640024e+01
1.015489399999579945e+01
1.016599099999380051e+01
1.012041699999599942e+01
1.016013699999970044e+01
1.032145899999649963e+01
9.847651999990599592e+00
1.007324900000130086e+01
1.014023700000170081e+01
9.878486000005180401e+00
1.014183300000579990e+01
9.868619000002350816e+00
1.233581900000049991e+01
1.019127600000049938e+01
9.704837000001019121e+00
1.008371399998959994e+01
1.004961399999620042e+01
9.899146999998720275e+00
1.015139899999440054e+01
1.002692400000169926e+01
9.912381999996000559e+00
1.016766900001189988e+01
1.024881899999740043e+01
9.901038999998949208e+00
1.057741200000350013e+01
1.260142299999250071e+01
1.021843800000969971e+01
1.103037599999369966e+01
1.084169099999600050e+01
1.076616299999959914e+01
1.058489000000409952e+01
1.132001199999879937e+01
1.022535799999960027e+01
1.260689500000469998e+01
1.390220700000100074e+01
1.028837699999490063e+01
1.410617100000879987e+01
1.045784899999089923e+01
9.991110999990839403e+00
1.056574000000409974e+01
1.573635799999810025e+01
1.057974300000810075e+01
1.086059299998959915e+01
1.226414699999619984e+01
9.852860999998819480e+00
1.016012699999179958e+01
1.041297099999379938e+01
9.887159000001590314e+00
1.012292200000790032e+01
1.025020599999490045e+01
1.025781999999250083e+01
1.002714000000539940e+01
1.016943700000179973e+01
1.006175100000920075e+01
1.005512700000110016e+01
1.024406400000539996e+01
1.004652199999610040e+01
1.049924600000909969e+01
1.161992900000539919e+01
1.278117399999699977e+01
1.095263599999899995e+01
1.020519099999719970e+01
1.017084600000830008e+01
1.165720400000230050e+01
1.262869800000030018e+01
9.948866000002000831e+00
1.053054099999429916e+01
1.129065499999630084e+01
9.806527999998589706e+00
1.000338799998699990e+01
1.231828000000230006e+01
1.207547399999950066e+01
1.081389399999470058e+01
1.158078000000270080e+01
1.041758899999929966e+01
1.033363199999829973e+01
1.002853600000720036e+01
1.100493900000289926e+01
1.009458999999420037e+01
1.193732999999500066e+01
1.113245199999819945e+01
1.073382799999929915e+01
9.922642999995899160e+00
1.025059100000190071e+01
1.016494200000300019e+01
1.144801299999189936e+01
1.116237699999090083e+01
1.018584499999520077e+01
1.013662900000159972e+01
1.011919500000150052e+01
1.145667899999130057e+01
1.090928700000399942e+01
1.187709100000230045e+01
1.071625400000189998e+01
1.086596099999330001e+01
1.011375000000209923e+01
1.013568999999849929e+01
1.015735200000730032e+01
1.019658700001000007e+01
9.890585000007950711e+00
1.053726399999280083e+01
1.008308100000479968e+01
1.023277799998819937e+01
1.014203100000089997e+01
1.011853900000400053e+01
1.014824600000000032e+01
1.100618600000299985e+01
1.017714099999979993e+01
1.009807000001219990e+01
1.030904699999270058e+01
1.018608699999390055e+01
9.850249999999510564e+00
1.019923799999840064e+01
1.023626999999289922e+01
1.035832200000190007e+01
1.149742499998749956e+01
1.093288399999890004e+01
1.007857900000890083e+01
9.881633999995640849e+00
1.010131099999970061e+01
1.024111899999980047e+01
9.843193999998330668e+00
1.005060599999299953e+01
1.008806699999809986e+01
1.007441299999809914e+01
1.009579800000889982e+01
1.015116599999999991e+01
1.030842299999789979e+01
1.020571500001210019e+01
1.000276800000679955e+01
1.011616399999580018e+01
1.004972399999819999e+01
1.559743199999279994e+01
1.067879699999710041e+01
1.025736400001160042e+01
1.027702199999679955e+01
1.020445099999279925e+01
1.073779300000409975e+01
1.051071199999850059e+01
1.011248599999700026e+01
9.773710000004600218e+00
1.008102599999459947e+01
1.014823300000960060e+01
1.056861600000049961e+01
1.020959800000300000e+01
1.084816499999869954e+01
1.052851199999340004e+01
9.981474999989359276e+00
1.086624299999530052e+01
1.071462799998809956e+01
1.019815499999769948e+01
1.002270200000049982e+01
9.982435000011950166e+00
1.221351499999910040e+01
1.010257699999779923e+01
1.002503200000150052e+01
1.095513600000690069e+01
1.031233000000499977e+01
1.013157699999569950e+01
1.010431899999280070e+01
9.788242000013269717e+00
1.070107799999679976e+01
9.524872000000069505e+00
1.000037400000049992e+01
1.065224500000280017e+01
1.009229599999629912e+01
1.001135599999260073e+01
9.817440999995600492e+00
1.008259799999679984e+01
9.988126999999739297e+00
1.123773599999820050e+01
1.008087299999260011e+01
9.898813000006610352e+00
1.063220400000379939e+01
1.160162000000750027e+01
1.107977800000979940e+01
1.123020800000059971e+01
1.117272300000139928e+01
1.161372399999999949e+01
9.509351999994919424e+00
1.032063100001320066e+01
1.096243300000310050e+01
1.033411900000660033e+01
9.808120999991839284e+00
1.104198800000230030e+01
1.040294899999589973e+01
1.117572300000800034e+01
1.135671300001209971e+01
1.096847399999490058e+01
1.057270100000100044e+01
1.010014399999190005e+01
1.099143300000089951e+01
9.749270999989789743e+00
1.039898199999809947e+01
1.083125299999210078e+01
1.083978299999439976e+01
1.025534800000120050e+01
1.078800899999519913e+01
1.104301200000180039e+01
1.011149999999359927e+01
1.039231900000459952e+01
1.021086100000450081e+01
1.027073200000929987e+01
1.139757800000040078e+01
1.116129199999699928e+01
1.071334600000279913e+01
1.015656200000590026e+01
1.003724800000330042e+01
1.040610100000090021e+01
1.310723299999949987e+01
1.187481800000970011e+01
1.066708700000159915e+01
1.264067500000009936e+01
9.246020000006179629e+00
1.104287500000110001e+01
1.008664900000160003e+01
1.007779799999750026e+01
1.150191399999300046e+01
1.174138599999709953e+01
1.102163299999859980e+01
1.168157300000419951e+01
1.084300099999780009e+01
1.288576199999620009e+01
1.186256999999100081e+01
1.112292400000569970e+01
1.312991000000350006e+01
1.093718799999980007e+01
1.070740299999780021e+01
1.247183000000969955e+01
1.012956399999609935e+01
1.009735200000250011e+01
9.813930000007079713e+00
1.127991900000320058e+01
9.507143999996969796e+00
1.005254099999319983e+01
1.187693800000029931e+01
1.219301199999729945e+01
1.003541199999349942e+01
1.092404099999560074e+01
1.134453100000600045e+01
1.170853200000009942e+01
1.031243599999240068e+01
1.224012600000889961e+01
1.310930399999680063e+01
1.106164300000500056e+01
1.075782399999529915e+01
1.231631699999980079e+01
1.170892899999389947e+01
9.052335999996330429e+00
1.013967899999100020e+01
1.091559200000349961e+01
1.183574899999939944e+01
1.110328100000399942e+01
1.066000999999520005e+01
1.186246799998970047e+01
1.322460699999789924e+01
1.056093399999720006e+01
1.038172600000559953e+01
1.027129999999939969e+01
1.038075099999960038e+01
1.116942099999110027e+01
1.002157899999640023e+01
1.007833399999920054e+01
1.391149600000569997e+01
1.093663900000760059e+01
9.978033999999519565e+00
1.000064299999790052e+01
1.000941399999529935e+01
1.097751599999699934e+01
1.045967799998950021e+01
1.309070199999949935e+01
1.102018800000339915e+01
1.083915700000659932e+01
1.276684599999100023e+01
1.008033899999819916e+01
1.138672300000109949e+01
1.304166799999959991e+01
1.137707700000589917e+01
1.080789000000950040e+01
1.215434699999210011e+01
1.017934099999710007e+01
1.188900199998949958e+01
1.301355699999360027e+01
1.017629699998679982e+01
1.116820599999359942e+01
1.331166099998879915e+01
9.947621999998549569e+00
1.013775400001289917e+01
1.020072299999699972e+01
9.623473999994299533e+00
1.347599099999290040e+01
1.205176700000269996e+01
1.047094300000139988e+01
9.939298999995569872e+00
1.115585199998749921e+01
1.260285600000089978e+01
1.071207599999010007e+01
1.035816099999919970e+01
1.101757100001069922e+01
9.868443999991429294e+00
1.262721999999880040e+01
1.024045300000859982e+01
1.086992899999470019e+01
1.123853999999369968e+01
1.017280599999990010e+01
1.022684699999840063e+01
1.006374899999680039e+01
9.773279000000909988e+00
1.283865199999920037e+01
9.397723999995829303e+00
1.010816400000179982e+01
1.006203200000750009e+01
9.878649000000910618e+00
1.020929200001319970e+01
1.015589600000060067e+01
1.021620199999519940e+01
1.026439800000390079e+01
1.022669099999970044e+01
1.122991399999759921e+01
1.024998399999789989e+01
1.014411100000249988e+01
1.024124900000339977e+01
1.017169300000380083e+01
1.025350100000819964e+01
1.022964000000570017e+01
1.016915099999950023e+01
1.353052199999640060e+01
1.097227500000029998e+01
1.042871700001060020e+01
1.074929199999989926e+01
8.963416000000279382e+00
1.010379900000659958e+01
1.009167600000180087e+01
1.004440199999119976e+01
1.015038699999590044e+01
1.028456800000300042e+01
1.009819100001150005e+01
1.032089800000339963e+01
1.047184399999419924e+01
1.010053299999919929e+01
1.128158499999189956e+01
1.060420000000310026e+01
1.123132800000800025e+01
9.094430000004649628e+00
9.984204000005549418e+00
1.057134099998789978e+01
1.005163300000329940e+01
1.005929200000820067e+01
9.479509000001939967e+00
1.017732100000050011e+01
1.019343999999479955e+01
1.203367099999750067e+01
1.022543399999170077e+01
1.001632100000900039e+01
1.068501900000740079e+01
1.127282000000210083e+01
1.161434200000140038e+01
1.028374900000980041e+01
1.065314299999899994e+01
9.880722000005450312e+00
1.071249599999650037e+01
1.380560100000139911e+01
1.243502499998779953e+01
1.117555000000439946e+01
1.200317700001109955e+01
1.104814900000410027e+01
1.096752499999809949e+01
1.082903799999709982e+01
1.162358899999560080e+01
1.010495000001299992e+01
9.999645999997140322e+00
1.006513000000100000e+01
1.174978800000300083e+01
1.094344999999919921e+01
1.030324700001020055e+01
1.340875500000040077e+01
1.151333900000400057e+01
1.040701700000570007e+01
1.152435799998839983e+01
1.069419099999890044e+01
1.024991799999950004e+01
1.019792900000030045e+01
1.006703699999889956e+01
1.149132499999440071e+01
1.247223100000380036e+01
1.103238399998929964e+01
1.054352199999189921e+01
1.051059200000280036e+01
1.080528699999659992e+01
1.247739399998689969e+01
1.158987600000219942e+01
1.346352400000229999e+01
1.103941499999909936e+01
1.082695099999850008e+01
1.222127200000499947e+01
1.364961800000230063e+01
1.115959300000210064e+01
1.027494599999559988e+01
1.155887599999519999e+01
1.242505999999820077e+01
1.099250900000470033e+01
1.047640900000600084e+01
1.082635299999880019e+01
1.050712099998919946e+01
1.290735599999949912e+01
9.911123999998489253e+00
1.143043400000470022e+01
1.120592600000239969e+01
1.012443099999419971e+01
1.008320699999389980e+01
1.059802499999310044e+01
1.067154499999390005e+01
1.529559700000499944e+01
1.015952200000920058e+01
9.918194999997350436e+00
1.005510699999950042e+01
1.005017699999659975e+01
1.002876799999799928e+01
1.078960899999970025e+01
9.847915999998239300e+00
1.114415500001089931e+01
1.157175800000229948e+01
1.009179799999060023e+01
9.893790999996099345e+00
1.027859500000259985e+01
1.046428800000849968e+01
1.107344800000480056e+01
1.054012500000570007e+01
1.099818299999810023e+01
1.069825899999439933e+01
1.053758399999079920e+01
1.019597999999180082e+01
1.010411099998979978e+01
1.139063899999830021e+01
1.002603800000660073e+01
1.027538200000319968e+01
1.217180800000510033e+01
1.132526300000339958e+01
1.194334400000230012e+01
1.023674700000749915e+01
1.026441300000159984e+01
1.069522400000269968e+01
1.090720799999190049e+01
1.167959100000359918e+01
9.962952000009300590e+00
1.207829400000549924e+01
1.081518500001270056e+01
1.069108299999749967e+01
1.072537999999670078e+01
1.184607599999769967e+01
9.943403999997709519e+00
1.011650799999589978e+01
1.208586500000309982e+01
1.164948099999210029e+01
1.290612300000760015e+01
1.239780699999930036e+01
1.111643000000129966e+01
1.100600399999509982e+01
1.177985799999700056e+01
1.159273200001110027e+01
1.031835000000569913e+01
1.012790699999749933e+01
1.019277599999669981e+01
1.387802800000769921e+01
1.070691699999320079e+01
1.108891100000160002e+01
1.011494700000529967e+01
1.017566999999529997e+01
9.879800999996749766e+00
1.498788099999620016e+01
1.044925499999749974e+01
1.122343500000510019e+01
1.389836999999259959e+01
9.736591000006459495e+00
9.987731999999029497e+00
1.069403200000349941e+01
9.474789000009309348e+00
1.010431099999209970e+01
1.014621299999869919e+01
1.204069000000630041e+01
9.917725999997630382e+00
1.082790700000660067e+01
1.011870400000699988e+01
9.732570000011259381e+00
1.016109200000409984e+01
9.875852999996940440e+00
1.265205600000740027e+01
1.062796700000489913e+01
1.014001500000460076e+01
1.057960400000009926e+01
1.015678699999969936e+01
1.092540099999439995e+01
1.203784199999799931e+01
1.050347599999670045e+01
1.005818099999090087e+01
9.791827000000809633e+00
1.160909099999689964e+01
1.171794100000060013e+01
1.180627800000880079e+01
1.182779199999120046e+01
1.036254399998879983e+01
1.214152699999720042e+01
1.095979999999489962e+01
1.027755300000879934e+01
1.200552499999220046e+01
1.220503199999710020e+01
1.012385100000300042e+01
1.027995799999809989e+01
1.012426199999080012e+01
1.000601599999130009e+01
1.010215600000210046e+01
1.022278300000320073e+01
9.890701000003330634e+00
1.122814000000009926e+01
1.113484200000410063e+01
1.181475299999589978e+01
1.079798599999999986e+01
1.013513000000899922e+01
1.098005000000060072e+01
1.150633500000710008e+01
1.219811200000719964e+01
1.121119200000459948e+01
1.063316100000120024e+01
1.180191899999270078e+01
1.067027999999939958e+01
1.081166899999180053e+01
1.325575799999969995e+01
1.169114100000000001e+01
1.090148200000840006e+01
1.330843200000230020e+01
1.383965199998730000e+01
1.125500799999199941e+01
1.145964100000190022e+01
9.204424000003539774e+00
1.025823499999489918e+01
1.397980599999469931e+01
1.353397300000839998e+01
1.110437000001240015e+01
1.013278099999580029e+01
1.468421100000229984e+01
1.141275000000520023e+01
1.250453699999810020e+01
1.097602200000840078e+01
1.107297999999449978e+01
9.047069999994050704e+00
1.368115900000080032e+01
1.225985699998940071e+01
1.237426299999810020e+01
1.012695199999309992e+01
1.003054100000609949e+01
1.156039099998909947e+01
1.018075000000349917e+01
1.011590599999579965e+01
1.301544700000079935e+01
9.806822000001600870e+00
1.000775200000700060e+01
1.072053000000039980e+01
1.025143100000039986e+01
1.015158900000299980e+01
9.998324999997979745e+00
1.045275600000650051e+01
1.021298899999579923e+01
1.212676100000460089e+01
1.554439900000659946e+01
1.064513400000070042e+01
1.289698600000120088e+01
1.074943899999430030e+01
1.129929500000059939e+01
1.075815100000449931e+01
1.122073700000209939e+01
1.037605700000199960e+01
1.059132799998960017e+01
1.092100500000019991e+01
1.040739399999779913e+01
1.035999200000500053e+01
1.169133999999869999e+01
1.064007699999080003e+01
1.366041999999369949e+01
1.013104899999460073e+01
1.152031000000870087e+01
1.188554999998810047e+01
1.213696300000320072e+01
1.102681199999720008e+01
1.036852199999320057e+01
1.106457100000569937e+01
1.062265800000260008e+01
1.052752799999720068e+01
1.129611199999660087e+01
1.063938800000130058e+01
1.154583599999629939e+01
1.101041600000490028e+01
1.054941999998960078e+01
1.153938599999550085e+01
1.067635799999779955e+01
1.138743500000319919e+01
1.098073900000430037e+01
1.093261200000480038e+01
1.008212299998949923e+01
1.103007000000389937e+01
1.178301800000270028e+01
1.123015100000660027e+01
1.097046300000669916e+01
1.002232500000840076e+01
1.009136599999749961e+01
1.012431300000569934e+01
1.032384500000210004e+01
1.320248700000090025e+01
1.006915400000709937e+01
9.898398999993670344e+00
1.179213199999649930e+01
1.004343800001099929e+01
1.002421799999810048e+01
1.012577000000189997e+01
9.799379000000390860e+00
1.133295099999999955e+01
9.922480000000179601e+00
1.016820499999939997e+01
1.157702499999400025e+01
1.059556799999939969e+01
1.107546200000800063e+01
1.040489899999390033e+01
1.005807200000669965e+01
1.076142299999109930e+01
1.260432899999839940e+01
1.065005799999599923e+01
1.071183300000200056e+01
1.106688199999440059e+01
1.133058099999569990e+01
1.053305000000650082e+01
1.104360700000479945e+01
1.039605200000439922e+01
1.180577200000239912e+01
1.171528900000850015e+01
1.150315700000700048e+01
1.004558299999299997e+01
1.083254000000980000e+01
1.046154699999140014e+01
1.078526700000280059e+01
1.081026399999979937e+01
1.052095299999679945e+01
1.002874200000290017e+01
1.259299900000599948e+01
1.207499299999880016e+01
1.476285699999380086e+01
1.167053300000019966e+01
1.134352799999759931e+01
1.072770300000060040e+01
1.144876099999689956e+01
1.059697700000580056e+01
1.012476900000079993e+01
1.013973499999569938e+01
1.106037499999960083e+01
1.167737100000469930e+01
1.106167199999669926e+01
1.440484500000139967e+01
1.129707900000200027e+01
1.046272400000700031e+01
1.419627200000659961e+01
9.417209000005760444e+00
1.058244499999720034e+01
1.070379700000500023e+01
1.071038499999590066e+01
1.025798300000250052e+01
9.867188999990620601e+00
1.050094699999699976e+01
1.062742300000249962e+01
1.075394699999779924e+01
1.117471599999930021e+01
1.327304999999510038e+01
1.135104699999089917e+01
1.184365899999309946e+01
1.292906599999809991e+01
1.063431000000040072e+01
1.247982799999650005e+01
1.071565600000210061e+01
1.109857299999820057e+01
1.084725799999830009e+01
1.213321200000910061e+01
1.017217399999029936e+01
1.139322300001309962e+01
1.237786200000810055e+01
1.190936399999029938e+01
1.027429799999879911e+01
1.017276800000390047e+01
1.067547399999570068e+01
1.078394499999999923e+01
1.040034499999359952e+01
1.251363100000449968e+01
9.073227000001789833e+00
9.607146999996979631e+00
1.109469400000759975e+01
1.059758700000659992e+01
1.080113500000829951e+01
1.244173700000320082e+01
1.081033799999890022e+01
1.005779300000139997e+01
1.037428399999379991e+01
1.092941100000640020e+01
1.130817299998910030e+01
1.163749300000920073e+01
1.087400699999819942e+01
1.076319000000579962e+01
1.165115300000250009e+01
1.052145799999949993e+01
9.876968000000369230e+00
1.128705799999350035e+01
1.150229900000000072e+01
1.395881199999850075e+01
1.124470399999209924e+01
1.369832999999690060e+01
1.312455299999730052e+01
1.113735799999919962e+01
1.133284400000889924e+01
1.214122199999679985e+01
1.035722499999280011e+01
1.130378300000250036e+01
1.233458900000530001e+01
1.037364699999439921e+01
9.850830999994290238e+00
1.426619500000469998e+01
1.054060799999949971e+01
1.262843799999300032e+01
1.090824899999629949e+01
1.088317099998899984e+01
1.269316600000539985e+01
9.565559999998640706e+00
1.060929800000569934e+01
1.084890299999590013e+01
1.023691599999670032e+01
1.008704599999530060e+01
1.039611000000209984e+01
1.071639600000649928e+01
1.036902999999260011e+01
1.213995399999130065e+01
1.007649100000659992e+01
1.014521900000890042e+01
1.300955099999609921e+01
1.228829999999449996e+01
1.328277599999690040e+01
1.003437700001090072e+01
1.015417400000730019e+01
1.022299599999599984e+01
1.010004200000479990e+01
9.996486999995109812e+00
1.021949900000150002e+01
1.021337199999550016e+01
1.120052199999580012e+01
1.017773600000280076e+01
1.008110600000119916e+01
1.066746600000099932e+01
1.126638799999570040e+01
1.090736099999389985e+01
1.044108600000019926e+01
9.946339999999050718e+00
1.104482800000990039e+01
1.097787599999830022e+01
1.169681399998979998e+01
1.056361000000550021e+01
1.020033099999299964e+01
1.075927799999480072e+01
1.030257600000079954e+01
1.016630499999850024e+01
1.057648500000139968e+01
9.959370999993669926e+00
1.038712099999369975e+01
1.108272200001180074e+01
1.023084500000950037e+01
1.099634899999560034e+01
1.016344399999979942e+01
1.077436300001009961e+01
1.111614299999530076e+01
1.008613700000180025e+01
1.025404900001089992e+01
1.213805999999810048e+01
9.632740000000689307e+00
1.000984699999209937e+01
1.101574900000909984e+01
9.839561000006819214e+00
1.004410299999850054e+01
1.144936599999370053e+01
1.045542399999989946e+01
1.133191199998860021e+01
1.319071400000379946e+01
1.157643899999530035e+01
9.523443000006180270e+00
1.087404899999459928e+01
1.157101699999429911e+01
1.118858299999200057e+01
1.098507900000809911e+01
1.040562000000019971e+01
9.477103999998350403e+00
1.163568200000499964e+01
1.205933600000719963e+01
1.158692400001370082e+01
1.178906699999519958e+01
1.025560499999759934e+01
9.955147999988870566e+00
1.078555099999790023e+01
1.002656999999370058e+01
1.137602099998959915e+01
1.222375899999410009e+01
1.013504200000170030e+01
1.033295500000970080e+01
1.124869299999889982e+01
9.971283999988150626e+00
1.055614900000989920e+01
1.063291499998799949e+01
1.043659399999799930e+01
1.096773099999379930e+01
1.124334500001110015e+01
1.010137900000530031e+01
1.042891500000560079e+01
1.041609800000740016e+01
1.005407000000960061e+01
1.127394800001009934e+01
1.012325800000719944e+01
1.022860199999800024e+01
9.949701000010689356e+00
1.006399700000319974e+01
1.012202699999419941e+01
1.095197399999389987e+01
1.049796799999569963e+01
1.030039500000160047e+01
9.918745999996760432e+00
1.021785800000430022e+01
1.007052399999959924e+01
9.939865999996300161e+00
1.119197200000600034e+01
9.882255999997369145e+00
9.960569000000420559e+00
1.013247800000270082e+01
1.061031400000450020e+01
1.239612100000899986e+01
1.388151399999060054e+01
1.357849299999709913e+01
1.285755400000710047e+01
1.078152999998849992e+01
1.095197300000450014e+01
1.170100100000579957e+01
1.153516899999829981e+01
1.327314099999910013e+01
1.210580100000409942e+01
1.078017999999759979e+01
1.333451600000049986e+01
1.028088200000349950e+01
1.220628699999790001e+01
1.138121299999279934e+01
1.023508000000109952e+01
1.253038100000479993e+01
1.033042099999189922e+01
1.102044200000310070e+01
1.125773000001120039e+01
9.271850999994059706e+00
1.194438499999250070e+01
1.029526000000659991e+01
1.335346700000170017e+01
1.109139399999039988e+01
1.029026499999469912e+01
1.012951299999540034e+01
1.207422500000629917e+01
1.218279100000069981e+01
1.128378300001030077e+01
1.016576199999970065e+01
1.220848900000249948e+01
1.084783500000700052e+01
9.870836999994029526e+00
1.021035300000509949e+01
1.082659499999749997e+01
1.067321000000730002e+01
1.127796800000169952e+01
1.013382600000059952e+01
9.963215999988509708e+00
1.054285400000770068e+01
1.023228900000109931e+01
1.015187800000209961e+01
1.005820199999620002e+01
1.118802699998870054e+01
1.111716300000860080e+01
1.005733400000960032e+01
1.016412499998859964e+01
1.108665200000299933e+01
1.143310500000890073e+01
1.050367700000269977e+01
1.070715000000179984e+01
1.149756700000640031e+01
1.107717799999359976e+01
1.234362300000669954e+01
1.116493899999679940e+01
1.037764999999519944e+01
1.113389200000369961e+01
1.042918199999579976e+01
1.037728599999350010e+01
1.076615300000580078e+01
1.462101699999609927e+01
1.144561399999589923e+01
1.021034900000469925e+01
1.326176000000599942e+01
1.161307800001049984e+01
1.184115400000960072e+01
1.436613699999609928e+01
9.137261999995869743e+00
1.030415700000730084e+01
1.131632300000259939e+01
1.177593599999229923e+01
1.017810599999790000e+01
1.037865700000400082e+01
1.030683700000169978e+01
1.031683299999030012e+01
1.024537899999699953e+01
9.894217999999460389e+00
1.004242200001220020e+01
1.018448799999310062e+01
1.171433899999390071e+01
1.055178699999710012e+01
1.110654500000410039e+01
1.071342900000619913e+01
1.030616500000290081e+01
1.010963000000229961e+01
1.017181499999250072e+01
1.005679600000060070e+01
9.908037000002419603e+00
1.040752199999420036e+01
9.609679999996959765e+00
1.098385199999539985e+01
1.302118799999620080e+01
1.163316100000599995e+01
1.073759999999879966e+01
9.906839999999309754e+00
1.081592299999559970e+01
1.175388800000120071e+01
1.016265899998809985e+01
1.045389200000099983e+01
1.105298900000659934e+01
1.036667799999690054e+01
1.017862800000560064e+01
1.007530700000810064e+01
1.156539499999099974e+01
1.095897899999440028e+01
1.064811799999180053e+01
1.024065900000440088e+01
1.011190399999859935e+01
9.755679000008399271e+00
1.022928199999740073e+01
1.104126200000619917e+01
1.099189400000000028e+01
1.249072199999550037e+01
1.006524999999670023e+01
1.069738500000030079e+01
1.131869699999299961e+01
9.933682999999859931e+00
1.030631300000099948e+01
1.167903200000350061e+01
9.501178999997250685e+00
1.071696199998939925e+01
9.730092000012289688e+00
1.100692900000409935e+01
1.072112299999620078e+01
1.259028600000529963e+01
1.006803299999599943e+01
9.844408999995840404e+00
1.314832900000340032e+01
1.038943599999699963e+01
1.168861499999709963e+01
1.114024700000019941e+01
1.043452500000799965e+01
1.222958000001029966e+01
1.014340299998650075e+01
1.015069100000689950e+01
9.994570000003479393e+00
1.042934800000240081e+01
1.194488600000910061e+01
1.087753000000190085e+01
1.289984299999959916e+01
1.041774099999770087e+01
1.310718299998830005e+01
1.047163399999820044e+01
1.359941100000130021e+01
1.311654299999529982e+01
1.071256900000610024e+01
1.271139500001079981e+01
1.006725000000590065e+01
1.181282599999629923e+01
1.081968799999799913e+01
1.018974699999830058e+01
1.082600499999839982e+01
1.290935900000529912e+01
1.096691700000459946e+01
1.081647499999860074e+01
1.136828300001010028e+01
1.065504899999329957e+01
1.025410799999800027e+01
1.299485199999140050e+01
9.186876999990550630e+00
9.650099999987560295e+00
1.116852599999159956e+01
1.046354300000020032e+01
1.005428899999570014e+01
1.079380899999189936e+01
1.009337600000040069e+01
1.012289499999499931e+01
1.072281700000129945e+01
1.075156400000309986e+01
1.224025999999870074e+01
1.088732199998790051e+01
1.059553899999339954e+01
9.974826000004100024e+00
1.018462400000430002e+01
1.004929199999079970e+01
1.019132500000809927e+01
1.012814899999630036e+01
1.013093200000979976e+01
1.036284900000340059e+01
1.010564500001009947e+01
1.013283800000409940e+01
1.001156200000250074e+01
1.025382899999270059e+01
1.011492299998909949e+01
1.082542099999269958e+01
1.047100299999219963e+01
1.011098099999689914e+01
1.125728300000620052e+01
1.134312199999950010e+01
9.728330000001509603e+00
1.001157299999990080e+01
1.009437000000449913e+01
9.888888999995520734e+00
1.003834400000869920e+01
1.257054999999239975e+01
1.025532699999589958e+01
1.020587399999329925e+01
1.120748799999659973e+01
1.007792899999060054e+01
1.007397600000100013e+01
1.111765499999249940e+01
1.010340700000259950e+01
1.015214099999180064e+01
9.096693999993020086e+00
1.001963199999519993e+01
1.011687999999820065e+01
9.904127999988080688e+00
1.001016000000729989e+01
1.031356199999319934e+01
9.138847999992089299e+00
1.014624300000829926e+01
9.987508999998340187e+00
1.022577199999829922e+01
1.026642299999030072e+01
1.031047200000049990e+01
1.028212999999309929e+01
9.980360000000130682e+00
1.005471699998849999e+01
1.004448000000479979e+01
1.011602399999840074e+01
1.015415599999870011e+01
1.010305599999129988e+01
1.012367900000299947e+01
1.017438799999579935e+01
1.211611200000110067e+01
1.040016599999660052e+01
1.010763899999740012e+01
1.044852500000100015e+01
1.179394299998650020e+01
1.052581500000830061e+01
1.072600999999909988e+01
1.136833900000059927e+01
1.034776800000260089e+01
1.052784299999130013e+01
1.189635200000789972e+01
1.083182099999650028e+01
1.221537399999309947e+01
1.080054300000199952e+01
1.027468800000970006e+01
1.064543500000070075e+01
1.007033700000189924e+01
1.120257899999899998e+01
1.043017199999949973e+01
1.145744800000159991e+01
1.347245099999840079e+01
1.344190900000799971e+01
1.232192599999850025e+01
1.122162100000420004e+01
1.001492200001050037e+01
1.025631800000330074e+01
1.022039500000460066e+01
1.050029000001019952e+01
1.013699500001050069e+01
1.000443600000270017e+01
1.116993600000169984e+01
1.090053299999740055e+01
1.018337799999359916e+01
1.134040899999889973e+01
1.073800499999319946e+01
1.057980900000639934e+01
1.263099000000520000e+01
1.083125399999570071e+01
1.267300099999600071e+01
1.108347600001030031e+01
1.058792700000310028e+01
1.151992500000180009e+01
9.875970000010170224e+00
1.053578900000220031e+01
1.081972299999729969e+01
1.151004800000520056e+01
1.007829600000319914e+01
1.089163400000360049e+01
1.014707900000639995e+01
1.003427999999930087e+01
1.094420199999039944e+01
1.145568799999809961e+01
1.111282299999060008e+01
1.333330299999600044e+01
9.664379999989590075e+00
1.102365699999550053e+01
1.030844099999229968e+01
1.143119900000039912e+01
1.036098600000910075e+01
1.256500899999929999e+01
1.022243599999229957e+01
1.091373299999530033e+01
1.266290300000610003e+01
1.065442299999119946e+01
1.014137099998890079e+01
1.072688399999320019e+01
1.255969900000759942e+01
1.175919399999260051e+01
1.039351400000039938e+01
1.148467800000219974e+01
1.228739699999439949e+01
1.054213799999100054e+01
1.038535600000050074e+01
1.362274199999549928e+01
9.964949999996969510e+00
1.519637700000940050e+01
1.049248400001090076e+01
1.058391400000859939e+01
1.119068299999529970e+01
1.028452999999269935e+01
1.067809500000289979e+01
1.046642199999329925e+01
1.046469100000989982e+01
1.110118399999750061e+01
1.054436100000089915e+01
1.070929700000530005e+01
1.148632099999250045e+01
1.115611299999840078e+01
1.041275399998649931e+01
1.588311399999039963e+01
1.023650300000159952e+01
1.019871799999810058e+01
9.797986999998899549e+00
1.009638799999379977e+01
1.005953699998939932e+01
1.008906799999919990e+01
1.142372199998930071e+01
1.002300700000090039e+01
1.021178000000590025e+01
1.091701500000399960e+01
1.066497699999050042e+01
1.180852400000279978e+01
1.137468000000299995e+01
1.027339099999839966e+01
1.395911299999849930e+01
1.196518100000790064e+01
1.078482399999809971e+01
1.006271999999339961e+01
1.011669099999319954e+01
1.069464599999039933e+01
1.223066999999389992e+01
1.317351800000209927e+01
1.104755999999439986e+01
1.237988800001230061e+01
1.050370699999800017e+01
1.353828499999569956e+01
1.104970199999399938e+01
1.078391800000130019e+01
9.928006000009759191e+00
1.466620000000770041e+01
1.067807199999040080e+01
1.086423799999639961e+01
1.236940700000839932e+01
1.050502299999319966e+01
1.153258799999430018e+01
1.014596699999970042e+01
1.093347900000200035e+01
1.147307399999420063e+01
1.014217399999500024e+01
1.064417700000320011e+01
1.019018899999939975e+01
9.853734999992980192e+00
1.004581700000530020e+01
1.047270899999830007e+01
1.115410599999220054e+01
1.135223400000029947e+01
1.116018300000120078e+01
1.085935599999739942e+01
1.017950499999640002e+01
1.109461900000500023e+01
1.267979299998959952e+01
1.195299200000479978e+01
1.078334299999990087e+01
1.000486699999209961e+01
1.390160799999759966e+01
1.021394100000349958e+01
1.149571999999919925e+01
1.338769299999849949e+01
1.101531399999089977e+01
1.088537500000090041e+01
1.167791199999610008e+01
1.115675500000179987e+01
1.002096300000230045e+01
1.092812600001029999e+01
1.084649999999949976e+01
9.929803000005680502e+00
1.234796699999660063e+01
1.088933399999799967e+01
1.377179399999310050e+01
9.818425999995380238e+00
1.067498599999790088e+01
1.311464600000529934e+01
1.142999900000060087e+01
1.149071000000390086e+01
1.350226499999959984e+01
1.464411599999949942e+01
9.141127000006580516e+00
1.228941299999059922e+01
1.158328399999679981e+01
1.128859500001060034e+01
1.093717099999479991e+01
1.192077999999700033e+01
1.055778600000680001e+01
1.128108000000339928e+01
9.789195999999829922e+00
1.038791399999180065e+01
1.190604900000380084e+01
1.147265500000569993e+01
1.145915700000439941e+01
1.273387300000189981e+01
1.030407099999309928e+01
1.086370900000589934e+01
1.155463999999989966e+01
1.009261699999800044e+01
1.117611700000509956e+01
9.996290999993110660e+00
1.076496299999969963e+01
1.002155099999409948e+01
1.014144100000179982e+01
1.016694499999460000e+01
1.030253500000810085e+01
1.044170099999059964e+01
1.192833300000019925e+01
1.048304299999360012e+01
1.178697999999659984e+01
1.102864900001070048e+01
1.081758699999110007e+01
1.080675599999380054e+01
1.079958500000089927e+01
1.084095100000580025e+01
1.014380099999809914e+01
1.086373000001120026e+01
1.073515500000610068e+01
1.063245999999650060e+01
1.203903200000410045e+01
1.087692000000119918e+01
1.015868799999000061e+01
1.286005700001170027e+01
1.020140100000329930e+01
1.125929600000569941e+01
1.056196000000399948e+01
1.154676399998779956e+01
1.058336100000190072e+01
1.110288600000330028e+01
1.029961899999420005e+01
1.141352900000920023e+01
1.244938400000710033e+01
9.444080999998050174e+00
9.929051000000299609e+00
1.160373200001169991e+01
1.027569499998999980e+01
1.074066900000049962e+01
1.054548999999840042e+01
1.044380600001199966e+01
1.079244999999670007e+01
1.025569600000149961e+01
1.076092800001049987e+01
1.257708800000050076e+01
1.013883999999620045e+01
1.024218199999890011e+01
1.115986700000349963e+01
9.997975999993970575e+00
1.177657899999930002e+01
1.311444700000659935e+01
1.124628700000589987e+01
1.136728199999480005e+01
1.248693700000560014e+01
1.342027399999780002e+01
1.143630800000040004e+01
1.245641399999900045e+01
1.248371500000190082e+01
9.863750999997479951e+00
1.058006899999950079e+01
1.072020899999870025e+01
1.080266799999660066e+01
1.006015500000500040e+01
1.166128999999219928e+01
1.018199399999279997e+01
1.051868700000109946e+01
1.071106099999500039e+01
1.183211200000759966e+01
1.022606400000830007e+01
9.998569999993380364e+00
1.117416200000320003e+01
1.190316999999649994e+01
1.189422400000239932e+01
1.479052199999840056e+01
1.141240600000510064e+01
1.041405199998740017e+01
1.085119200000409911e+01
1.060808699999430083e+01
1.081039400000349993e+01
1.003649999999820075e+01
1.116554499999720029e+01
1.045077999999930007e+01
1.165579599999940008e+01
1.229014300000130078e+01
1.037824600000189967e+01
1.080244099999559992e+01
1.019902200000900017e+01
1.042804200000090020e+01
1.058331399998739997e+01
1.045321600000190010e+01
1.166563799999659956e+01
1.105801799999989932e+01
1.385968799999660028e+01
1.143326999999769988e+01
1.164187900000970011e+01
9.837283999999609563e+00
1.019108599999190012e+01
1.160245100000170027e+01
1.221311000000470059e+01
1.017907899999669930e+01
1.011443000000159920e+01
1.001416600000479917e+01
1.009010800000000074e+01
1.014140799999550069e+01
1.103740300000309915e+01
9.974865000003770632e+00
1.054947800000149982e+01
1.029564699999239963e+01
1.095124300000800055e+01
1.347746800000489920e+01
9.995141999993959914e+00
9.979608999998390573e+00
1.024602399999709945e+01
1.092149800000190041e+01
1.119407400000229913e+01
1.021382500000810012e+01
9.894687999988610372e+00
9.891693000000149283e+00
1.012783899999189963e+01
9.935982000001789771e+00
9.917389999998249550e+00
1.006696899999329986e+01
1.021511800000500081e+01
1.000020900001180024e+01
1.036769799999600039e+01
1.008207400001029974e+01
1.021552799998909933e+01
1.006715799999819971e+01
1.008906300000939993e+01
1.010935499999730069e+01
1.199656100000369996e+01
1.462884400000059948e+01
1.047920900001030020e+01
1.073006699999720048e+01
1.026629700000109935e+01
1.232231900000610025e+01
1.016116199998860026e+01
1.176519599999889998e+01
1.030715499999250007e+01
1.019718700000280087e+01
1.056686600000490017e+01
1.043616799999820088e+01
1.027004499999859988e+01
1.413756299999140076e+01
9.764114999995850752e+00
1.116879900000360060e+01
9.902791999991219285e+00
1.097986599999959978e+01
1.106225899999910034e+01
1.096268599999920035e+01
1.137212999999800012e+01
9.562595999994979223e+00
1.010917700000389985e+01
1.131674299999470001e+01
1.150214300000130052e+01
1.130911699999609965e+01
1.450934999999729946e+01
1.069473799999800079e+01
1.337138500001339914e+01
1.033407500000289936e+01
1.010714299999900057e+01
1.020296400000120052e+01
1.204362699999709996e+01
8.969164000006909276e+00
1.292817200000230038e+01
9.971833999998130693e+00
1.029460099999820066e+01
1.247963199999449913e+01
1.334757299999009916e+01
1.081863199999589931e+01
1.053839300000450052e+01
1.428909000000539997e+01
1.018267800000669965e+01
1.176612099999369931e+01
1.153617700001059987e+01
1.064517300000029998e+01
1.082327500000699949e+01
1.119376299999430024e+01
1.097226699999960076e+01
1.162278900000050008e+01
1.168406700000450016e+01
1.080685399999480012e+01
1.018104100000980061e+01
1.275034700000789911e+01
1.186759200000149939e+01
1.035205600000210069e+01
1.067271700000559953e+01
1.018475100001129974e+01
1.066388700000690015e+01
1.048113299999899972e+01
1.182817599999449953e+01
1.123785500000449922e+01
1.225463299999769973e+01
1.425188099999270008e+01
1.064481199999529970e+01
1.177864499999260062e+01
1.082029300000900029e+01
1.429383400000009985e+01
1.279955100000050017e+01
9.657545000010259173e+00
1.046511799999909975e+01
1.185154899999930045e+01
1.067521800000290000e+01
1.077560999999600000e+01
1.077704299999030013e+01
1.057843400000989931e+01
1.008519299999479912e+01
1.037455000000879934e+01
1.002437999999020057e+01
1.173790400000030054e+01
1.069114999999949944e+01
1.090099099999969923e+01
1.025876899998930014e+01
1.180559300000540013e+01
1.189754400000710000e+01
1.069454499999270070e+01
1.303475600001040036e+01
1.157844499999779941e+01
1.092267699999639952e+01
1.101333799999789953e+01
1.068224499999809929e+01
1.043578800000939921e+01
9.489008000002739251e+00
1.369638399999930023e+01
9.623258999994279250e+00
1.012030999999070069e+01
1.014904000000169937e+01
1.119319600000780035e+01
1.628366299999580136e+01
1.256828700000770027e+01
1.028785099998689923e+01
1.022706199999850085e+01
1.218688999999529976e+01
1.105032399999569925e+01
1.268255899999820002e+01
9.975405999995249573e+00
9.123461000001499954e+00
1.010990800000399936e+01
1.161362699998849912e+01
1.016807300000269976e+01
1.112610100000209989e+01
1.234117900000340029e+01
1.037686399999419962e+01
1.082072799999879997e+01
1.146771000000510021e+01
1.105253800000130049e+01
1.183905499999580080e+01
1.006254099999640061e+01
9.961140000001480033e+00
9.895370999998929662e+00
1.099944399999229994e+01
1.015106000001249953e+01
1.088000200000750084e+01
1.025627200000660011e+01
1.021918899999720054e+01
1.052621200000199941e+01
1.052100699999409983e+01
1.356971099998819952e+01
1.020167199999380081e+01
1.011068299999350018e+01
1.013112699999400057e+01
9.926070999995319610e+00
1.012720800000010080e+01
1.017384600000069916e+01
1.015338199999860080e+01
9.913425999997119931e+00
9.967713999998300878e+00
1.020553399999359989e+01
1.010529600000609918e+01
1.025882100000790054e+01
1.047156199999220050e+01
1.013474900000229972e+01
1.467229400000750061e+01
1.058588499999759946e+01
1.284629600000640082e+01
1.006219199999240033e+01
1.059554500000099964e+01
1.065366800000330016e+01
9.822272000008069881e+00
1.139017599999190011e+01
9.452107000001319648e+00
1.035530400000079965e+01
1.213774899999009982e+01
1.066585700000639925e+01
1.077898700000899979e+01
9.676847999998020811e+00
1.079272700000900009e+01
1.159343499999470062e+01
1.024276500000100043e+01
1.080137800001070048e+01
9.851359999998980044e+00
1.052555799999769981e+01
1.025653399999269944e+01
1.011809400000629999e+01
1.010604200000389952e+01
1.192421900000799972e+01
1.033717500000359912e+01
9.959102999999910111e+00
9.547721000004120384e+00
1.012558899999759987e+01
1.015499500000770006e+01
1.113432500000040015e+01
1.305659199999809950e+01
1.088461999999879914e+01
1.296320100000509967e+01
1.215931699999829974e+01
1.116881400000120017e+01
1.135436900000289917e+01
1.018054600000080079e+01
1.091402999999499990e+01
1.080975700000409923e+01
1.171224399999459997e+01
1.051373100000319916e+01
1.089459500001060022e+01
1.406886499999870033e+01
1.089055999999290059e+01
1.026021500000240039e+01
1.030369000000059998e+01
1.003640499999390023e+01
1.002443500000540055e+01
1.076836400000049920e+01
1.012926599999279986e+01
1.091119000000160000e+01
1.205733099999410030e+01
1.122069699999880044e+01
1.149625400000789988e+01
1.091312300000880064e+01
1.065195600000379983e+01
1.090675199999679990e+01
1.019920800000310024e+01
1.026698900000159931e+01
9.880144000007360816e+00
9.965058999995340727e+00
1.015645799999730059e+01
1.035143499998980054e+01
1.019580599999870074e+01
1.004407700000339965e+01
9.800177000002459948e+00
1.081438200000659933e+01
1.008140999999799980e+01
1.013465500000170039e+01
1.067235000000719936e+01
1.067672599999979965e+01
1.019374700000239997e+01
1.004974900000379989e+01
1.097394800000020076e+01
1.022128700000740054e+01
1.012835800000289943e+01
1.049500000000590028e+01
1.077300900000470030e+01
1.037052300000599914e+01
1.061676999999859916e+01
1.083020699999790004e+01
1.006667299999720022e+01
1.047439399999920084e+01
1.138462599999460068e+01
1.612753599999910037e+01
1.120799999999630003e+01
1.010362799999600014e+01
1.059963699999859976e+01
1.108081200000300015e+01
1.042859899999369944e+01
1.019806400000789992e+01
1.012709399999780047e+01
1.085076200000399993e+01
1.105644700000140013e+01
1.082318899999279971e+01
1.192828899999650005e+01
1.050990299999910071e+01
1.083928500000300055e+01
1.073174399999740025e+01
1.034937299999680071e+01
1.041113700000549969e+01
1.158120299999150049e+01
1.074144700000089969e+01
1.065331899999929988e+01
1.091887500000149913e+01
1.453497600000729939e+01
1.038391100000520062e+01
1.066218100000070024e+01
1.235618999999129919e+01
1.105487600000289916e+01
1.015018200000380055e+01
1.127678800000349923e+01
1.060278399999960008e+01
1.063021900000650000e+01
1.007094500000959947e+01
1.027209000000079975e+01
1.084843200000310048e+01
1.192882099999789958e+01
1.146335800000029970e+01
1.120066800000070018e+01
1.016630499999850024e+01
1.055185299999549997e+01
1.195885200000649995e+01
1.077599500000300026e+01
1.082577399999710011e+01
1.016380999999459966e+01
1.007713900000340068e+01
9.878580000005850792e+00
9.963032000001700084e+00
1.065488100000779959e+01
1.105737299999990064e+01
1.074800799999309930e+01
1.079172499999000046e+01
1.301257100000439948e+01
1.094127599999690048e+01
1.113371800001059952e+01
1.058582699999990062e+01
1.207727499999579912e+01
1.192791399999750013e+01
1.223222299999799922e+01
1.062674400000670083e+01
1.039286099999969970e+01
1.171414200000240058e+01
1.157639100000550059e+01
1.114433200000060076e+01
1.058789200000379971e+01
1.197839299999260021e+01
1.097016300001030054e+01
1.084876000000179985e+01
1.291264999998990071e+01
1.020741600000009974e+01
1.031390800000050056e+01
1.305133300000700025e+01
9.550255000007719985e+00
1.049711099999229980e+01
1.069456099999399967e+01
1.076703700000789965e+01
1.017204000000050002e+01
1.380794499999639946e+01
1.415542600000209994e+01
1.039470500001019992e+01
1.201004600000029932e+01
1.097944600000739968e+01
1.075297299999530054e+01
1.245546900000250012e+01
1.078358899999899911e+01
1.160861200000340077e+01
1.456198099999989992e+01
1.089584099999290068e+01
1.443641400000220010e+01
1.149756299999179987e+01
1.095559600000230027e+01
1.271448299999629938e+01
1.146725499999950060e+01
1.051002100000179951e+01
1.008801400000439941e+01
1.178933199999219994e+01
1.136795099999689995e+01
1.138937700000039932e+01
1.097575699999710075e+01
1.032493200000319966e+01
1.100302499999370021e+01
1.091315499999720018e+01
1.088735700000139950e+01
1.473387999999430065e+01
9.958745000005819747e+00
1.046161099999670085e+01
1.026721200000219980e+01
1.161153200000340036e+01
1.055022699999599922e+01
1.016657799999619982e+01
1.089275500000040076e+01
1.182646400000919940e+01
1.177349800001080027e+01
1.048138199999469933e+01
1.252254900001049975e+01
1.247520200000450075e+01
1.064445800000160069e+01
1.055861800000459993e+01
1.065991499999089953e+01
1.119376200000490051e+01
9.814750000003870767e+00
1.102772999999499959e+01
1.021123200000319997e+01
1.005237200000409992e+01
1.089481200000360062e+01
1.007113499998980011e+01
1.115065099999410059e+01
1.136656199999210060e+01
1.053791400001099987e+01
1.224324199999669993e+01
1.021233400000200042e+01
1.142767599999669947e+01
1.139878700000449996e+01
1.049365100000439988e+01
1.031143699999859997e+01
9.999683000003759759e+00
1.367551799999939988e+01
1.048619700000589994e+01
1.076364600000090022e+01
1.293611899998840009e+01
9.854830000008970359e+00
9.945072999997249141e+00
1.132225499999609930e+01
1.066262300000179941e+01
1.033385600000259963e+01
1.324749200000499982e+01
1.176074600000730008e+01
1.406311399999539979e+01
1.259049400000830055e+01
9.843916999997759376e+00
1.117539000000530081e+01
1.611612400000689860e+01
1.115957100000739999e+01
1.519523800000400016e+01
1.275071999999969918e+01
1.194846700001050088e+01
1.288465300000039981e+01
1.070352199999999954e+01
1.258590500000880041e+01
1.114816999999849934e+01
1.370534199999440084e+01
1.063991899999910018e+01
1.030991799999010006e+01
1.441740100000290070e+01
1.093165000000339937e+01
1.055304700000190010e+01
1.173623399999710060e+01
1.016032799999780067e+01
1.292355800001129928e+01
1.114611599999190084e+01
1.164991500000670044e+01
1.191367500000239943e+01
1.030796799999220070e+01
1.012188499998960012e+01
9.883269999988900878e+00
1.324493299999570084e+01
1.041587400000310026e+01
1.014971800000810020e+01
1.108772999999989928e+01
1.141247099999990056e+01
1.012796600001309955e+01
1.051022599999379992e+01
1.172386899999369980e+01
1.195676999999760071e+01
1.209577000000190061e+01
9.956195000000889195e+00
1.059954499999090061e+01
1.083167599999510067e+01
9.854124999989720024e+00
1.055260300000779949e+01
1.105575900000130041e+01
9.530295999994109479e+00
1.052948899999250010e+01
1.142529499999509923e+01
1.035360500000589923e+01
1.039034800000139924e+01
1.068485500000799959e+01
1.049703399999659936e+01
1.072314200000329976e+01
1.126483000000179935e+01
1.072807600000660067e+01
1.111018000000290051e+01
1.275438300000080005e+01
1.069811300000369947e+01
1.030146099999739917e+01
1.182822299999489957e+01
1.137945899999689914e+01
1.310238800000720083e+01
1.007583999999889990e+01
1.149838099999560015e+01
1.272987299999780042e+01
1.091465199999669977e+01
1.232106000000499968e+01
1.099552500001269983e+01
1.021571100000070054e+01
1.004203099999759985e+01
1.013337199999850036e+01
1.035559000000320040e+01
1.000573999999689967e+01
1.014889600000399916e+01
1.016591299999450015e+01
1.013636199999720056e+01
1.021262900000860085e+01
1.034610100001030020e+01
1.009809900000390037e+01
1.122855299999510059e+01
1.010902000000159973e+01
1.011148599999959963e+01
1.015540099999160084e+01
1.002308200000359939e+01
1.008165100000720038e+01
9.070297999997480431e+00
1.004029800000689931e+01
1.010215600000210046e+01
1.092380100000410081e+01
1.200832699998949948e+01
1.089453699999859992e+01
1.063518299999089933e+01
1.349471999999710015e+01
9.923443999994670861e+00
1.063011799999459939e+01
1.062931900000310037e+01
1.050487599999880040e+01
1.084456300000620033e+01
1.061895499999820025e+01
1.154088000001249981e+01
9.793391999991740704e+00
1.052986900000970039e+01
1.163169199999459913e+01
1.097883200000640080e+01
1.075059499999039936e+01
1.080726799999350085e+01
1.027066000000329993e+01
1.130257799999870016e+01
1.032890599999799974e+01
1.307038900000629944e+01
1.036543700000440005e+01
1.195209799999470057e+01
1.422939500000100033e+01
1.159064399999470041e+01
1.153258100001150055e+01
1.137740499999040011e+01
1.059795300000130069e+01
1.076330499999759915e+01
1.200446200000729924e+01
1.093797599999390080e+01
1.164733800000309927e+01
1.102921300000049953e+01
1.278518200000180016e+01
1.170128200000420016e+01
1.203823000000170040e+01
1.117383300000090074e+01
1.049932099999750079e+01
1.053720300001259957e+01
1.203105700000149980e+01
1.166664100000500071e+01
1.118587300000229945e+01
1.033077799999660051e+01
1.096524300000110053e+01
1.124695900000459936e+01
1.392052700001049992e+01
1.089345799999819953e+01
1.036126600000389963e+01
1.052203700000120001e+01
1.091952099999110004e+01
1.234707800000479949e+01
1.124690199999630025e+01
1.086934399999960021e+01
1.256011499999939929e+01
1.061418000000460005e+01
1.102749899999369987e+01
1.035396300000000025e+01
1.009928800000639981e+01
1.058045300000289934e+01
1.062952799999549924e+01
1.146616600000530006e+01
1.209369300001129943e+01
1.012114699999239953e+01
1.097089600000339971e+01
1.047527699999760031e+01
1.072686199999849954e+01
1.013936900000089913e+01
1.187841899999849993e+01
1.275086600000459924e+01
1.207115900000130004e+01
1.119885200000680037e+01
1.037833600000229950e+01
1.110104800000040015e+01
1.107784999999240050e+01
1.097550199999379927e+01
1.083709699999250020e+01
1.085953099999409943e+01
1.056293900001040065e+01
1.138838999999340018e+01
1.098751600000010065e+01
1.159005499999920019e+01
1.115728699998899920e+01
1.096666099999769983e+01
1.071405400000459984e+01
1.101572600001079927e+01
1.243978699999100002e+01
1.035008499999890041e+01
1.183458799999930022e+01
1.140855900000300061e+01
1.043211799999710010e+01
1.203839499999049956e+01
1.037155499999190056e+01
1.031638000000610056e+01
1.022835500000950049e+01
1.134241400001200084e+01
1.016405100000380024e+01
1.061848699998789947e+01
1.008419300001149921e+01
1.124847699999519968e+01
1.119369499998870054e+01
1.065791900001049974e+01
1.137594600000110034e+01
1.103328100001020040e+01
1.150788799999699918e+01
1.139708799999539934e+01
1.132067499999319971e+01
1.178793799999770009e+01
1.106785699998619954e+01
1.159951299999310059e+01
1.107731800000519939e+01
1.140864799999969925e+01
1.038874099999990008e+01
1.076496299999969963e+01
1.108541700000390051e+01
1.091630900000950000e+01
1.033890499999760060e+01
1.134980099999440029e+01
1.140938599999689984e+01
1.241185599999990075e+01
1.103057699999970076e+01
1.089828899999650069e+01
1.200179800000000085e+01
1.080848600000189919e+01
1.135989200000149957e+01
1.148768599999529982e+01
1.240731800000109963e+01
1.136985000000830048e+01
1.122839500000340074e+01
